21991792 940 21786899
19907022 490 22204721
21792131 250 19608075
21118713 210 21132491
21786899 920 19608075
18032212 100 21857442
21182339 1000 19871834
20355782 860 21256457
22591471 370 21681543
21939761 820 20424375
21182339 930 21213387
21043092 250 22002508
20998999 720 19508223
22860138 570 21792131
20278695 340 21229158
20940204 100 20016524
20153752 580 19401256
18017046 70 21190838
21182339 770 20137140
21792131 310 20569597
19161509 580 19454269
18756502 660 21013058
20243528 00 19608075
20424375 170 21229158
21991792 350 20940204
20278695 680 21725294
19907022 680 22591471
19907716 340 19817766
21190838 100 21390888
19924930 540 19608075
20513929 20 19690776
19262685 160 21390888
19584156 640 18889827
18509193 720 22639413
19508223 710 19161509
21939761 20 19571573
21786899 100 21013058
21580620 730 20137140
21132491 400 21823792
19161509 670 21792131
19001411 350 19289839
19569200 480 21991792
21559543 400 21062407
21947451 170 20851967
21662680 180 20851967
19262685 610 21118713
18889827 20 20554521
21559543 270 21744690
21792131 910 20179990
21535135 200 21662680
21780132 930 19161509
22858717 100 20554521
21190838 510 22204721
21662680 60 19289839
19169787 570 21104289
21681543 710 19924930
20278695 250 21559543
19608075 50 21013058
21182339 990 18032212
20940204 1000 21786899
21013058 860 19817766
22858717 400 21857442
22879255 620 18509193
21043092 580 18041593
20243528 560 21889240
20278695 300 21043092
20016524 170 21190838
19924930 240 21764623
20554521 870 22663555
21062407 410 21764623
20513929 20 20851967
20243528 00 20940204
21991792 140 18914849
20569597 280 20424375
20998999 400 18017046
22422737 340 22002508
21580620 110 21662680
21495224 240 19907716
21146540 250 20016524
21764623 810 21792131
21889240 530 18497057
20016524 460 22002508
19690776 850 21854246
20513929 1000 19169787
19907022 510 19463782
18914849 860 21939372
19454269 890 20518944
20209460 340 22591471
18756502 10 21598752
21889717 190 21854246
21013058 410 21598752
20403475 380 19001411
19262685 360 19401256
18497057 940 22204721
20554521 1000 19508223
19924930 390 21118713
21775230 200 20355782
21559543 60 21146540
20851967 110 21104289
21146540 660 20278695
19907022 190 22663555
20179990 870 18914849
19001411 580 21256457
21535135 870 19508223
20278695 930 19262685
21535135 960 21104289
21780132 630 21823792
19454269 420 20946078
22422737 330 20349025
20946078 220 19454269
19271658 10 19907022
21681543 180 21775230
20998999 660 22002508
19871834 330 21681543
21495224 460 21213387
18032212 540 20016524
20424375 970 19271658
19924930 970 22422737
19463782 290 21792131
20569597 280 19169787
22002508 790 21062407
21118713 210 21939372
22639413 310 20153752
19161509 780 21939761
21775230 850 21598752
18041593 710 20278695
21229158 230 20569597
19569200 830 20518944
19001411 380 21118713
20946078 400 21764623
22924405 940 20998999
19924930 460 18032212
19871834 480 20016524
21535135 210 18476640
19271658 310 20513929
21947451 780 20424375
21580620 120 20554521
19169787 180 21792131
21495224 830 20016524
21390888 680 19401256
21495224 870 19508223
21495224 30 21247863
21775230 660 18476640
18889827 110 21947451
22858717 890 21104289
21823792 20 20153752
19262685 240 18017046
21857442 940 18017046
19871834 120 21043092
21182339 80 18476640
21013058 630 20554521
21247863 390 21857442
19463782 490 21737987
21775230 190 21786899
21580620 350 21094975
19289839 500 22858717
22879255 70 19401256
21094975 210 20153752
22858717 690 20851967
22858717 950 18041593
20998999 970 19001411
21104289 30 20153752
19571573 10 22858717
20355782 40 20278695
21947451 150 19161509
19463782 970 22204721
22924405 930 19584156
22591471 510 21792131
19584156 270 21939761
21662680 30 21559543
21889717 820 19001411
22204721 870 21013058
21256457 650 21094975
20998999 610 20513929
20278695 520 18041593
18756502 730 20513929
20940204 310 21013058
19690776 370 22204721
19271658 840 20940204
22204721 440 21889717
21947451 250 18476640
20998999 850 20946078
21681543 440 21118713
21854246 610 20278695
21662680 300 18497057
20998999 780 20153752
19161509 990 20851967
21764623 960 18041593
21947451 310 21264076
21013058 370 22860138
21146540 970 21213387
18756502 630 20153752
22879255 180 21780132
20946078 480 21264076
21857442 480 18914849
21182339 610 21495224
21823792 910 18756502
20179990 660 21247863
19271658 700 21229158
21247863 540 20153752
