21367657
21834287
21439595
21329621
22935611
20308653
20879538
21302309
20053580
19939393
19809485
21574483
21030029
21612502
21879142
21259388
19688074
21262169
18433253
19120057
20194571
18587404
21515499
18197429
21241613
21308534
20839233
21497585
18907161
21797782
20512094
20254965
20913115
19977239
20557653
21083752
21040041
21584681
18445205
20213344
21875536
20187766
22564962
19050676
20590571
21745201
19463948
21978140
19872261
19632526
21034551
21331022
19698874
19369029
21295578
20719917
21232408
20255703
21787964
19571480
21316432
20557686
21479228
19312462
20945844
20010257
20797372
20347945
20837273
21736160
19335176
21573600
20987862
21034844
20590899
21192855
20211968
21229702
21368387
21114604
18861660
21935684
18419424
19909102
20921396
21517648
21842862
21549241
22122831
21721126
21557813
21699257
20321802
20556289
20220232
21040165
18121151
21783176
18194508
19582061
21058724
18235393
20268713
21248885
19033064
19100799
19656597
21184313
20649026
19022072
21864496
21026267
20583866
21917969
20316980
20279684
19955345
19145509
19368807
19115477
19278407
21817241
20025678
21608692
18116577
21942025
20166500
20066099
21281508
20678118
20256252
19503751
21188998
21334383
19976335
20006835
21398591
21214376
19345996
19277831
19691240
20697577
22114711
22513010
21769299
20197240
19287997
19225630
18342502
21315754
20663398
20302458
20526365
20892548
20159334
20278984
19372854
21553738
20128159
22122824
19914807
22876408
19429095
20858761
22427303
21982653
19540554
20882890
18584732
20109179
18601414
18852094
18906448
20225065
21242828
21069098
21834476
19344492
21172839
22170941
18089614
22877476
19655895
19819080
21341534
20016100
19867805
21079926
19483127
21488173
20220211
21440232
22456453
21345944
19371493
20269458
19049578
20142379
20047619
19934606
21240725
19650234
20897840
19000619
20705825
20693756
22085102
21975961
21247210
19448224
18709781
22631920
19155219
21908902
20696619
19507079
20152956
21172965
19206996
21895700
21359977
19475147
18051207
21066815
19023411
18145640
22203572
21371716
20953735
18106590
19687070
21983220
21753129
22375332
21705153
21302528
22818582
20047409
21122403
19306392
22405493
21097805
21898606
20391503
21349921
20088244
22423478
19900757
20923855
20683668
21339579
19536334
20258203
21801290
18379337
20648949
21375674
19307032
19842013
22981470
22541269
21880017
21141091
21868861
21066289
21890390
21650164
19711615
19553976
18275352
21664308
21573085
21802983
21332766
22044089
20347996
21490297
18147060
22834042
21731494
22649266
20647934
18953719
20801128
19901237
20697293
19173874
18548525
21127874
19584069
21427804
21045501
19974751
21260136
21704177
19941017
20975645
19329600
20091541
21512290
21786778
21487718
19829055
21566476
21833385
21121649
21595531
21449994
21424306
21453071
18670696
19091175
19452684
20901081
20769059
21816193
21232160
20609746
22844636
19880852
19289149
21469528
20393667
20302195
19116914
22051161
22972244
21573853
20079752
21840184
21285073
21278289
20647453
20093017
22748789
21477469
18628147
21447074
20286048
19199126
21094726
19109131
19077028
19911399
21612929
21802773
21636622
20383628
20669277
21808797
19249987
21479311
21011095
21929066
22209405
18116407
21926950
21435746
19003660
21228829
21172853
20673216
21208868
21668502
21590168
21460865
21134606
22416113
21399876
19948163
22515447
20279416
19000623
21585733
19086798
18279186
20756256
20366158
21608035
19681437
21521738
21901184
20874933
18381705
19358263
21085604
19569178
20697448
21431581
21724002
19124606
21655747
22122448
20170038
21455616
18413133
20208944
21219912
19576653
20955356
20322825
21986591
21863651
21896893
20901098
19830921
19560867
20541442
21122454
20307416
21298457
20759767
18512003
18171201
20297718
21304864
18320351
20326413
20588970
21345915
21052827
21311423
18519610
20263097
20049469
19739614
20613741
20760511
22935311
21531853
20605216
21866118
19372751
21159237
21388964
19961176
20135921
22076214
21371101
21918885
19833229
20854582
21405663
20971290
20482525
22516147
21702369
18664234
19706485
22312041
21773249
21316871
21302503
22261511
19393133
21769550
22150216
19445039
22466473
22566152
21633444
22046787
19253218
20907088
19720369
19147172
19653331
21987042
19957774
20591046
18650024
19239990
19530925
21809169
20090235
18784181
19771821
21400895
19084523
21491398
20156716
21855756
19086527
21669191
22612177
21802697
21253648
21251720
18929256
21787243
19416669
19116415
21979980
21326293
22451168
18760940
18972642
21419960
22472891
21684407
21663132
21366434
21487982
19335669
20798959
21090736
20364695
21655736
21441770
19570707
20992606
21137081
22010421
21973114
21834654
20984332
22470318
22797472
21692600
20618104
21527369
19327542
21521312
21820626
22601943
18929843
21297218
21517690
21464225
21724940
20192421
22827184
20061470
19541221
21058458
21522898
20884087
20600664
21051638
20272526
20453652
20021089
19050084
20647352
20932614
19141878
21180150
21661267
18812679
20578312
21530982
20823788
21746944
19390068
19975309
18342445
21922597
19724788
19433151
21191789
19621711
21079669
21371798
21302526
18588814
21780684
20533752
19700949
21485190
21755283
19237008
21998336
21902905
21674928
18248264
21161246
20087492
20296872
21704436
20011107
18845999
21040265
20881559
21641968
21747680
20202917
19377229
20336801
20523917
21434914
19412256
21712314
20416626
19205788
21057862
20001758
22342004
21605606
21700491
19624073
19036812
19317867
21416746
19803234
19482240
21307051
19296794
21251766
19951214
20363391
21732757
19255444
18394179
21670655
19945885
18311004
19958151
22812689
20698402
18909908
21349330
19650105
18779278
19419487
20360705
21147901
21965224
21359168
22798330
21790254
21490715
21196648
19476394
19063221
19463736
21441309
21323674
20658699
21162647
19910147
19531206
20103172
21761896
20744976
21001004
21138360
20128421
21835818
18688999
22579193
20630528
21524657
19470988
20215428
19903042
21425770
22651359
18981982
20280156
22092588
22482571
21812598
20452838
22901380
20618094
18738396
19300603
20979850
21589351
21777690
21895032
19487228
20962892
20755732
19901650
21423154
20093588
20356176
22857450
21635173
19757392
19916895
20257728
21092730
20577253
21681763
20791765
21324250
18743126
21225644
19237197
20721341
19748948
20774625
22811726
20624802
18733605
21556216
20992856
20543467
20722117
19027893
21604579
19345625
21112552
22159220
20101140
18153543
21517380
21034558
21095813
21899736
19472801
22249714
19041619
20469991
20016009
20929305
19736099
22363600
18659978
20230636
19862905
21071041
21960915
21476716
19743767
18557125
20396579
21396330
19744575
21411756
21729709
21536382
20563116
19374992
20888117
21603325
19063969
18140921
19844583
22095791
20703163
22933195
21970245
21998847
21109057
19181804
18350507
21088922
18273981
21632265
20025594
20683530
18136025
22134048
22604251
21638273
21682109
21512959
20104906
19033627
20850718
18379878
21031841
21168555
21323081
19206349
22769920
21847335
22422909
21896088
19440409
22486003
21661734
21464835
21280113
21476888
20893395
21535708
21829063
19951661
22633882
19483874
18709509
18804798
22562278
19467942
22902096
20162437
21209783
22929771
19931086
20378272
21456830
19110850
19997249
19555872
21737856
19633972
21843505
21303346
21632436
20361767
22265329
22675061
21519725
18839480
20297935
18021787
19070381
19589233
21790393
20728906
19934288
21471992
21030647
22781645
19258957
18964106
21008912
21708121
19861213
20850922
21856627
18597449
18976569
19449152
21607814
21288068
19689027
19751432
22341843
20215947
21600855
22765476
20730435
22490970
22942120
21399800
21555306
20322853
21392324
21335847
21088120
18191365
20389761
20397366
19773381
22492978
20852262
19510106
21879265
21948603
21437015
19444432
22255913
20006418
19157922
19361796
22808442
22540873
22289437
22139313
19717220
19182576
18973689
21706785
20775705
19041207
21768103
19528170
21670092
20325823
22424204
20958484
21669270
18212486
19576003
21001902
19775053
19250118
21702807
21579986
21193744
21831520
20926872
20630760
21071922
18277745
20225565
20259995
21126758
21934211
20156646
21311420
21322505
21919595
18955776
21499226
19181459
21201709
20839111
19051903
21136349
22241748
19027768
19164030
20511193
19783780
18710830
21922769
21516589
21434554
21143916
19574075
18568553
18759580
22840560
21213542
21464166
21250600
21839954
21760361
21461363
21868855
20826699
18115755
21118494
19563654
21396826
19584926
20125155
21423768
21398823
20845305
19806169
21022547
20652176
20563587
19365187
22161074
21861534
21866698
21656697
18523410
21070178
21693600
21194530
21489353
20091618
20133826
21918747
19222315
22443043
21322517
21793524
19724937
21032388
21458650
19286353
18016547
19530570
21883555
20232425
18833454
21799928
20767536
19893078
21769365
22869875
21949118
21244473
21443464
20610564
20033192
19162508
21491700
20933252
21266390
21119405
21415094
21947619
21182153
19329260
18310666
21339897
21271611
22628597
21516150
21052216
21030964
19273402
20553226
19751495
22925377
19887287
21236147
18473142
20090522
21269762
21730342
19145642
20687304
19093052
20833585
20876162
21106429
21304144
21599977
20431080
20343974
21053240
18312961
20465676
18339134
22685350
21996612
21887513
20163143
21344542
21085256
21301827
21818704
21248203
19820495
21026573
21770014
22619625
18199725
18624837
20781582
21787917
19369823
21713229
19360786
21914361
19477833
21078094
19041401
19747663
19187065
20138916
21403450
21221457
21819288
19282220
18651021
21907623
21812135
21067436
19605495
22381722
22708915
22214072
21511291
21788199
18633528
21675652
21650729
21556684
19637789
18504568
19304698
19103265
19615877
21565357
20947324
20700662
21204124
20544934
21119431
20456904
21424164
21170347
19266438
19578019
19261121
21290350
20816947
19143590
21539434
21809945
21228556
21123650
19570115
21424743
18881467
21641465
21958574
21191728
18901140
22797977
21863924
20226275
22049971
19457699
20838432
20370625
21538119
19217883
19156239
19407395
19346139
22050390
20823540
21541532
20544024
21796543
21748101
19524398
21437153
21661433
21760941
21379270
21762213
20162420
18182262
18765902
21446820
22534045
18431761
18314874
18967358
21426052
19750302
20975688
19329755
19677455
19497116
21766913
22823725
21928013
21403183
20254130
18344747
21192932
19962931
22978271
19625061
18199364
21530549
18681697
21084231
21597789
20146275
19982184
18108550
21029181
19638944
21704114
19033155
22853199
21335751
22855973
21038216
21985649
19631047
19788736
18980455
22612527
21669838
21117243
20258468
21516439
18112148
18178095
18185521
21144510
19785904
19525131
20889328
21338043
21703026
21281505
20901688
21307811
19594572
19905021
19358351
19191166
18976591
21974242
20445136
21864302
21621955
19931757
22634096
21443872
21756153
20894334
21253749
20707819
18659705
21538307
21157460
21245569
19882436
19423315
18719673
20095454
21775213
21976284
19280067
21952254
19013467
18711073
18451193
21018428
21228185
20846987
22792809
21304521
21757750
22965571
19676225
20030226
20307462
22730171
21306587
21446522
19184881
20394110
20480322
18032722
20808133
21951842
19722293
21749963
20415909
18746876
21024068
21206156
21270360
20889453
19866722
19597681
19791178
20497048
19874797
21662030
18367546
19561820
20565052
20746739
22696379
18445934
19587094
21824218
21921801
18014479
21698145
22974893
21916526
18431981
21906600
20920615
19569156
19427990
20773626
19171309
22237183
21843144
20451627
20099592
18087051
21799388
20846976
19991621
20432384
19045395
18527766
21875905
20050688
21966407
21649308
22387138
21191670
20765757
19767055
20678033
21671509
21167624
19427812
21941820
21106708
22401234
21453414
21702570
21675559
20563063
19766913
20332682
19364313
22618064
21085649
19462668
21848149
21549024
21795473
21113909
19773275
19534950
21352434
19035065
18223198
19787983
20641762
21957790
21008076
19856120
22817909
22434398
22888720
21023451
19838505
21840431
21542508
19957317
19738645
19958648
20898791
21130983
22641222
21854376
18727704
22511928
21955768
19863460
19774814
20366726
20503777
20399171
19182196
22781668
21265270
18765811
19586960
19445147
18287927
18663076
21657719
21403451
21168344
21098796
21055714
21643050
19762501
21823884
22821206
19575639
19643859
21189814
21290165
20946266
18559412
21978597
18203913
22038172
21281551
19438156
20839145
21179553
20188360
22478462
20857817
19304335
22416148
20014330
20374864
21821010
21848902
21224937
21529521
21152151
21010985
21971327
21262721
19283001
19753697
19860149
22068589
21557666
21256249
21888431
20667715
22201486
21827084
20661956
21002705
21072589
19209333
19620418
21755170
20437435
19763762
21814594
18254297
22877765
19294521
22252298
21842157
20380058
21241770
20332107
18068250
21813426
20873708
19972617
20916115
20618790
19429579
21648359
21140030
21479809
19732064
20743395
22644682
21221761
19881998
19962898
19852645
21576232
21689511
20172372
18782207
18063173
19170668
21452969
18268018
21839251
19485218
18626994
19886795
20604622
22299835
21559892
21995072
21200710
19251824
19598513
21344353
18867518
21755530
22891166
20639540
19587104
21980694
21648345
19237913
22700889
20753328
21577006
21825694
18093460
22170578
22695187
19029859
18907963
21775382
20214060
21210166
20347009
21915404
20937338
21634430
20121803
19470053
21465976
20821472
19831726
20681706
19856691
21044657
19683185
21581695
21968581
20076165
20673702
18487452
18450027
19436680
21673380
18141900
21223302
21120952
18647487
21843636
21846553
20289561
20649796
20409808
19542363
18559591
21533465
21128088
20421369
20078988
19334099
21484236
21834191
21304494
18168335
20490629
19214585
21545006
21879954
21648373
21927180
20635959
21467059
19334281
19239906
20137573
20133328
20233552
19471790
19345345
20171737
19623513
21913272
19316630
21784403
21351287
21830406
20588140
18225582
21219240
22807410
21062251
19398333
21532534
18663444
22956042
21861863
21536812
18821733
18697869
20368914
21098610
18752569
20808627
18781794
21768424
19738522
19206228
22938233
21457748
20530875
21548101
20058262
19953330
21832638
19991286
21659814
21001083
18612521
21078217
19680480
18091594
21705524
21381361
21297209
19238936
21904732
19912485
21533040
21305094
20393039
21816693
21545645
21604643
21635358
21916535
20691782
19152748
19522577
19097830
21666958
20058310
19624885
19897570
19890223
21693931
19769652
19944363
20116447
21384377
18249608
21979839
20688969
22159902
18753230
21131229
19204561
21550264
19673663
19724569
18642566
21151844
19837099
18636554
21965903
20336197
19827684
21149380
20820114
20504555
19252125
19134698
18568879
21627527
19860457
19618850
21327486
22070569
18565436
21224152
20542830
20914007
19309963
22695634
21477306
19581275
19484354
20083222
18567128
22221018
20196860
19962161
21879230
21414590
21028101
18931345
20021565
22488094
21024940
21244112
21315755
21033378
19230363
20240731
19700194
20113534
19475266
21267130
21279292
21917181
22022523
18219222
19553841
21730735
18209976
22614531
21741314
21258289
21704535
20176670
21417027
22526826
19821052
19179485
18800216
22529429
19409337
20615008
19370368
22098435
19361018
21828353
18923784
22611555
18011124
21142429
20648180
21355122
21393064
21251499
20482858
21138948
21649749
21395767
22059591
22697442
21412872
21406605
19050366
20524610
20477071
22295930
18458822
19999941
22392970
20864759
19146819
21901338
20855100
18784570
20762663
21689688
19606789
21387339
22162152
22425241
21060882
19632816
21618400
20214036
20452591
20943240
21667084
20081559
18593572
19103545
19150990
21577231
21958561
21515186
19791768
20964501
20062235
18449110
18482614
18714523
21965040
22704073
21399335
21884760
19188229
20429338
20160499
18466445
22971732
20153225
20902282
21506010
19679671
22973923
18546131
19639380
21608475
21934523
20921385
22949230
19133482
21868309
21297391
18125961
18995046
22149497
22991477
21021028
19875050
20338757
19668058
18487093
21776051
21761087
21145813
20424389
18624712
19140331
18304672
21564320
20031019
20285331
22653788
21874617
19744677
18294696
21983060
19708504
21690377
20361768
20666614
22787290
19941561
19272341
20803306
19877281
22980718
20694319
21903935
21356613
19267147
21236924
21129606
19710908
21769637
20358901
18373332
18272720
21707514
20381363
21803407
20072863
22599954
18301600
21952007
20672607
18296879
22281857
18463079
21955241
18258673
21437387
21893162
19762839
21313810
22009198
21141391
18798272
19312472
21190370
21229997
22575457
21878414
21643930
21058628
20597754
19794351
19108169
18295570
22823965
21290946
20387143
18833039
20095349
21286391
21127790
21303312
20186707
20608780
21253063
21628117
22868781
21422312
21829073
20889638
21976235
21319293
21785693
21149840
19650152
18144715
21716319
21698153
19540589
22727775
21687529
21448641
18007099
21747324
21926338
21066802
20002949
21248012
18774069
19852257
19522410
20415683
20533394
21008316
21571144
19474106
21348020
22344525
19953725
21301421
19617537
21678781
18376564
20416460
21160422
20053552
19168877
18056668
21343604
20333121
19468657
18923792
20425244
20266046
21696118
22557369
21407616
21041393
21747725
21491896
20379503
21086649
20560929
21677042
20296829
19792046
21332655
22193086
21500062
21763448
20207954
19324506
20779117
19624359
21149646
18847888
21255704
22077760
21566547
22527829
22065308
22738732
21988686
19376504
21291786
21007539
20332857
20053346
21117589
21159077
20276303
19794049
22538105
21747794
21404525
18006719
22889348
19634799
20524489
19284879
18748071
21165411
21712975
19736753
21144755
21728571
20104933
21560497
18955501
20946414
21777232
19113299
20719832
20016767
20015816
21638138
19779760
20082456
19020173
22798740
20779872
19972260
18807928
18605403
20983258
21711317
21271810
21910383
22712199
22482635
19226747
21408796
19636323
19526877
21670867
18679568
21324894
22572979
21851044
21916082
20620613
20346163
20690936
21246294
19935170
22460527
21416738
21555972
20792426
20966105
21274232
22526837
19005054
22317120
21654526
21738471
22955122
18953095
18793831
22479372
18380824
21566739
19106183
22036415
21585153
19246636
19319575
21445996
22170862
18783951
21911261
18731440
21519964
22330460
21106636
22082270
18061850
21270404
19016211
21336584
18447971
21914013
21244779
21825544
19544319
22837176
19014095
19728951
21361362
21168739
22194827
21494237
21743269
21280153
21711109
20805055
20077493
21596115
20310840
18351438
19623025
21647593
20452512
22054963
21703482
19777852
21192017
21340827
21235314
21321253
21892568
21461020
21948591
21063789
20416191
19903353
21436552
21354887
21830732
22971453
20437068
20601321
21313224
21208407
21649567
18420419
19591180
21198600
18885120
19284706
22340931
20891764
21615999
20249924
21827248
21280718
20216343
21259172
19018327
21087570
18288952
20183153
20193083
21575670
21047406
20195053
22609245
19273953
20522843
20925946
22506904
22537464
20562534
21517528
21415503
21721915
21136908
19426461
22660766
21130038
21751754
21040261
20821735
19926611
21111052
21874132
19686548
21353957
20118336
21863379
20402516
21683565
21314229
19540457
19926088
20873758
21436005
22014662
22230105
20377730
20433165
19669322
21136056
22612995
18508035
18081274
21173315
21548530
22382414
20077191
19353499
18326702
21060336
19276922
22140200
21715854
21287354
19808403
20136419
19002488
22932013
19079367
19795321
21802028
20695652
20734310
19961840
21042162
20677508
18969157
19601758
18160028
21949331
20883057
20893217
20726611
21399753
21540123
20357933
21953500
22262028
20406107
20422223
22177171
21261288
19466166
21881139
21018967
20121474
22744247
21163971
21542246
18476408
21868329
20878029
18489038
19200248
21926390
21979978
20462896
19572488
21005978
19493055
22611812
19711368
22124925
21592309
21295927
21927038
19636992
21833412
21388688
19989234
19456910
21514585
22558536
20145277
18425045
21588064
18509591
19472611
20733194
18418645
21083497
21442690
21495534
19987044
22094728
22598433
20348839
21963031
19671265
22813705
20736457
22497734
21016732
19460710
21530247
22181681
20126984
18683520
19414484
21040767
19130829
21404019
20596947
22420064
20321267
19322954
21041204
21441272
20471177
20507814
18409162
22190023
21866298
20497931
20698623
20951612
20128390
19355901
21257744
20932864
20716421
20592714
19352404
22452800
21917412
21810494
20680753
18312695
21251245
20972282
20690243
20081495
21728381
20041056
20734153
21335208
19290319
19703194
20940544
22610277
21012703
21451904
20774748
19523739
21194642
20608846
18746903
22891298
19444818
22455861
21840821
20528333
21042782
21838043
21883751
21781058
21277538
21305312
20862419
21503900
20874394
22151500
21619380
20042128
21697303
20823727
19713032
22512017
21151960
21865943
19199879
21571577
22182850
21848822
20678940
21661463
19512121
19815821
18063485
20766079
19922763
19247920
21251375
21965657
20011695
20578880
21098469
20593645
21035956
18318309
20732410
21332133
19863241
19492370
18645595
21831915
18732709
18020436
19844994
20127341
19795140
19479906
20381310
19685117
21362301
21673922
19344355
19055288
19822784
21087955
20113743
21623215
20636888
21198840
21895244
20273489
20418512
21876735
19070623
20588760
18643798
20333256
20514399
21723287
20683907
19942963
18918667
19137188
21021418
18130098
19009039
21140157
20232752
19443905
21853261
22117575
21049506
20358914
21880991
21813889
18005669
21997460
20927256
19310604
21861815
20113906
19237558
19186372
18517239
21049551
21306240
21128741
20040704
20276723
20255980
19032804
21292801
21736299
21904260
21782109
18827359
21229884
19552890
21025627
20814237
21143536
20629923
21314987
20271454
21274547
20409841
22140563
21808657
21113372
21561825
20439769
21912612
21254285
19843557
19582498
19830560
21497230
20499190
21145176
21143048
19331695
22895688
22900883
21742828
19064182
21008661
19922742
21515938
18046091
21017633
21473712
21396080
21983694
18140329
22617764
21930040
19838175
18895123
21887484
19877410
20972076
21028961
21177121
21659118
20115619
21406022
22207471
21957056
22984907
21709574
21150528
21125928
20245974
21245649
19220919
19233620
20965786
19044125
20059339
18911921
20671067
19404686
22467353
21896403
20318177
22923528
19269071
19985606
20855605
19246348
21774261
20298590
21840022
21365010
19432792
20515687
20533558
21190169
21749870
21018517
18694594
21064000
20851749
19184251
19138395
22031114
21706658
20881040
21360214
21839715
19462906
19046568
20330818
18503542
18580025
18943401
22975823
20205007
20728616
18538403
19089462
21976470
20528087
21202038
21119090
22102899
22701875
20545028
21775616
18399984
19253806
22015756
20139235
21725321
18165630
18558965
21640417
20169098
19920539
22611443
22887747
21106572
20143197
21423670
19503632
20259402
21419525
21499148
19337203
21637280
20674079
21848817
21140354
19954014
20802973
21936045
19052869
19176268
20179825
20796324
22901583
21137774
21380695
21547677
21109081
21907846
21688913
20575483
21820783
21398089
21090444
22067303
21578875
20300569
19055359
18289221
19503844
20865623
19585238
22850339
20295870
19863947
21696680
22153961
22439215
19255559
21004624
20908604
21651997
21185741
20612659
21201680
20461021
19242562
19661985
20726066
21584973
21794469
20007922
18240660
20651563
20187231
21136720
20165247
20962754
21250808
20931729
18280344
18612427
21514234
19860120
18995347
18540023
21634115
21211183
18742302
20268826
21372992
20361459
22648525
21589709
21703811
21753769
22646917
19055807
21207609
19621146
22858668
21481932
22074464
21316224
21734395
19288648
19868805
18964600
22916327
22884553
21060969
21478882
21059758
21875524
21382081
20420441
20105395
21457128
21166415
20510458
18717719
19324994
20629850
20800843
19949938
22981610
19521466
20902666
19207626
18548785
20739667
22200939
21378532
18949277
19188690
19797485
21204560
22888297
20087927
19925546
21365850
21017669
20268175
21378500
20149670
22878882
20170878
20597325
21934550
21542713
20523227
18291637
21621290
18204262
20347576
19340124
22304374
20653036
20173964
21310913
22599428
18450853
21471639
19700403
21496683
21395467
21862030
19466868
21712484
21699926
22432614
21101074
19750912
18003993
20778363
18072321
21883177
20996199
20298514
21745409
21858235
19454166
18241937
18934964
21627998
21383668
20380575
20953687
21953345
22327700
19778758
22499377
21625166
20058173
20397237
20772566
22226019
21466341
21617845
21330228
20215823
22510592
20563854
21284535
21441100
19059904
20179210
20887742
22612844
21393028
22040401
19638456
18176039
21696752
21599114
20589071
20790810
21876452
21413345
22554459
21270225
19704847
21881048
21062003
21503682
22267392
21454613
19814483
21642916
19690641
21428056
22386407
21813460
20737646
21180165
20108765
21910707
21014244
19124481
20252963
21966978
21195349
20877980
21735155
18106871
18660085
21561619
19582028
21048764
22343405
21829505
21161436
21104383
21546686
18576212
18248254
21755501
19108303
21876410
21662973
20635276
21786126
20669469
21861392
21099280
21430798
20948372
21955794
20454292
20466029
19866294
20309803
18701864
18936939
19030006
21231828
20281318
21594447
20979863
20996541
22562453
22958975
20156304
18441288
20941757
21689119
19748302
21697950
21565941
21591783
21274433
20576805
20810880
20332464
21095910
21596920
20277339
19291867
21790651
22640233
21713279
21993224
20383372
20011270
21924301
20501862
22659533
21733143
21425763
21500341
18208884
21653358
22423463
21362752
19801947
20287409
19252289
21430171
21063594
19361929
21922628
21703807
20823946
21562129
20820191
21332227
20089584
22548741
21699452
21348310
20542020
22656137
20211066
21029849
18680095
19962223
22286613
22718548
19758467
20871119
21316672
21778147
21523403
21701420
19005346
21582922
20171303
21166671
18110409
22961831
20992366
22810700
21324861
19691925
21552765
22425971
21864403
20572325
20781237
19468612
18378417
21860508
21729499
20264711
18442202
18001881
20284453
19303106
19568675
21065780
21016527
21092344
21385096
21990506
22380117
22844961
19296700
20790046
21324790
20537866
18099662
21804062
20294479
22571075
21857745
21605222
21535716
20237070
20475136
21434043
20800808
20133638
20828045
22124201
22390616
20668664
21771726
21925180
19687674
18719062
21153488
21975244
22169240
20018571
19515663
21765047
18162765
22021347
18648848
21944020
18727019
18996707
21460151
20830615
21137603
20039114
19493371
18426884
22649421
22559834
21427359
21499617
21454334
22980209
20586759
21748259
21374114
19879036
21794689
21879420
21130478
21517851
21415226
21236414
19373605
18918382
21422941
19223967
21468458
19435701
19041310
18249148
20541460
19313481
21818341
20510838
22129961
20935028
18592112
19330032
19446306
19991091
21310675
20872478
21624183
21172170
21252581
21890877
21371056
19278584
21472477
21921494
21243772
21132829
20038792
21822478
21449380
21974953
19223472
21701844
21032749
21774410
21214331
21844277
21942133
20891882
19895933
21429720
19964797
19602104
21133062
18490916
21535722
18474592
21741091
19407827
18083234
18687038
21483563
21029574
20735637
19065399
21448750
19242488
20853117
20456555
18353473
21362934
18498595
22032221
21461723
21724156
22696773
20673427
21290444
21092820
21779162
21250660
21005993
19507152
21607170
19077611
21974908
22370072
21681038
21751150
21936000
21700693
19524242
19864576
20366042
19544277
21966410
21399614
19668057
19591792
21369286
21441600
22851920
21644678
20849636
20633921
21670408
22429339
22810293
20421065
19716169
22859608
18819812
21068515
18744720
19513230
21516527
21835192
22527035
20165831
21032599
21037184
20472587
21473478
21383442
21430314
21069869
21367689
20091757
21203353
20215181
19554933
21327172
20364051
21305758
21113142
19859075
18773684
19747159
22571970
19010482
20559834
20800902
20456045
20409825
19955868
18149138
21836723
20362292
21489288
19774748
20876690
21234929
20869905
19393894
19845820
18142150
21736318
18390185
19474829
20967416
21408027
21802065
19970223
19952194
21120486
20518894
18370717
21868838
21595419
20123446
19626278
22524802
21067004
19467492
20910328
19289770
19772455
18254256
19601602
18030231
18760235
19614693
18727747
21036810
19340401
19839065
21779407
22599223
18264582
21272535
21811637
19144477
21949940
21696161
21588311
21269786
18743206
21262037
21141202
22032329
19603871
19566715
21995113
21644686
21874834
19712349
20361960
22269406
19567457
19548589
19428935
21208446
19774802
22441439
19439685
22175333
21114546
22338058
21043838
21160913
18906418
21602881
21203382
19026784
19253091
21013458
22671483
20688765
20893527
21489407
18967262
21231391
18257566
21277776
20975840
21749192
22325336
21863665
20316722
20672342
20636738
21660104
21676981
21537617
21167885
19366068
21041411
20751749
18913673
21105597
19008736
19540088
20782911
19751007
19775912
21928887
22459416
21936093
20107255
20469120
21016260
18253697
19459232
21432943
22875529
19512475
18632027
21454619
21295135
19206231
21966003
18216947
21170734
22378575
18955287
19116899
19370924
19089808
21215304
21671428
18172299
19381923
18366796
20174377
21593273
20243773
22777221
19160329
20548435
21133258
19882156
20606188
21994120
21591357
20808302
22950433
19908657
21642706
21618046
20748377
20007395
20072218
18317532
22894904
18594423
20248958
21224850
19042440
21815382
19381837
22293884
21890172
22525894
22284250
20185753
20696928
20696052
20229883
21851390
21848129
22874806
21589825
21975396
21732113
19075822
21978499
20505150
21076759
21637808
21179423
21820883
19707421
20197760
22473017
18229123
21378594
21706227
19717598
18565127
19370788
21703102
18950487
22317094
20018300
21215530
21414413
20354226
20761881
22836367
19056748
21373707
21258446
21395137
21929684
20293212
21834139
20328246
18762100
22457029
21686137
21492619
22909496
19394610
22795656
19826942
21582224
20873619
19536024
19219196
22010392
19458724
20385466
20522621
21713695
21204445
21485994
18841336
19498499
21213642
19901246
21033789
21804813
19023179
22507387
20464114
18699315
21528866
20068577
21596784
18140986
22231066
21772402
18785157
21951141
21630542
19990777
21604654
20976899
21733459
21632461
21924265
21515584
22367000
19565208
21727557
18092272
21850766
21197331
20471903
22132753
21395235
21585797
18225982
20559549
20313842
21057151
21760993
21127431
21342469
18681336
19809758
21923339
19177537
21359024
20591626
18704220
19883262
21040783
21379768
21790365
22386326
19199829
21829149
21938039
19515332
20908400
21882078
21423981
22509107
20407944
20806298
20631225
22718291
21183612
21989493
18429089
21715336
21939634
21122732
20123942
21103649
21817153
22152223
20057122
20666462
21269086
21790707
21776850
19857575
20675199
19389582
21697853
20370038
20837455
19139608
21962047
21165623
20233239
19270708
20324131
21980839
20862127
19880782
20451553
21994688
21732358
18779401
22590636
20382694
19751763
22027259
22081760
21744215
21251910
21305348
21930966
20901114
21063867
21530366
21676642
20886555
22233210
21109005
21153979
20535792
20724813
20887620
19989049
22613134
19111226
21401068
21061839
19493612
20093701
20056316
20983342
18545399
19469514
21640692
21772527
21548527
20680603
19670038
20352423
21376851
19879914
19624255
18483991
21184084
19622641
18146458
19330115
21892145
19220198
21984644
21385662
18896418
19917795
20515512
20198200
21567450
21662663
21011087
21534605
21865995
19734782
21733833
21120390
19810179
20820231
22664445
20457844
21035265
20973630
20792707
22618931
19703663
21039516
22139182
18480834
21883704
21498939
20717489
21180172
20403141
19933875
21450899
20494337
20545567
21330694
22145486
19868995
19260214
20530357
19126685
20907572
18876988
21186793
21813927
20624887
21401034
19285436
18081968
21124946
22363481
21883019
22049625
21484237
20581723
22451485
21222675
20919847
19060482
21856386
21251054
21281855
22446547
21593303
20702975
19186244
20983565
20435398
21339436
18687231
20978511
20194275
20115792
21620666
21630716
21400205
19042066
20044333
21761445
21722932
20210348
18146115
21119875
19788518
21256319
21315763
20263370
18765896
20217257
18591318
19013146
18230415
20142796
22457349
18000240
19849919
21154635
21257715
18765206
21588567
21600796
19061833
20132165
21505821
20854139
21888691
21932784
22961675
19752507
19300659
21819218
18809415
19012473
19980138
20387564
21570949
22605523
20986560
21762774
21671292
22064607
20161976
22733075
20515054
21548367
19851528
22518684
21295717
18824787
21723354
19869522
18854452
22573739
21363538
21657626
21232574
21759068
21507633
19337021
21705052
21996069
21706010
19906157
21669949
20760429
18447709
19864764
19463408
18679945
20277797
20949352
21700506
21141144
21417747
19051665
20820554
20082579
20646708
18283239
21856306
21542312
20225367
18241691
20551505
19433477
18963850
21911575
21423348
21306568
18482330
21508726
21030570
21586556
21118262
20104712
20073099
21822785
20518130
18031541
19495923
18826747
20249641
18219313
18482001
22147597
18338522
22244610
22788571
20461176
21628638
19746459
18060021
20088567
22810538
21017986
19119324
19167509
21394897
21825920
20098510
21362033
20412109
18887981
21758255
19844466
21388346
19044487
19190683
19914606
19407638
18226940
20847339
20176033
19237026
22517316
20768233
20081055
20699304
20469161
22086271
21960545
18000494
20873284
22177997
21152392
21020457
20006840
19460131
19617305
20713797
18071957
21950865
21212871
21265448
21094243
21216958
19562603
20596876
20267469
19161533
18065486
21624754
22492415
21091967
21624951
19049542
21461797
19834846
19899529
21661042
21681707
20962376
20326608
22529088
18335090
21462685
21111659
19993305
21917691
20230894
18963029
21362627
21688451
18953886
21492892
21474362
21613563
19239466
20949069
20973011
19343607
19134563
18275233
20840407
22256682
22534965
19868219
18102399
21781356
21092494
20782690
21984818
21316986
19334526
21051244
22690195
21157406
21697928
20954449
19662878
20823148
21430144
20025398
20678853
19356623
19646525
21233020
21644430
21013997
22491663
19489083
20599048
21885925
20560636
22970875
18093586
19306449
21120188
18273673
20239287
20587269
19657760
20252052
18456426
22529874
21215268
20300796
21824672
19951880
21282804
20393922
19679013
20768675
19245685
19620127
20742428
19061441
19745724
18980670
19890043
18574316
19366350
20829365
21594013
19121693
20860635
19965150
22905019
22465256
19804451
20910694
20514911
21066981
22070158
21283662
22553349
21579295
21359510
18425378
20771492
22523945
19679359
21529023
20256475
18445250
22432767
19072982
21834527
18702020
20732490
22135434
21697557
19501983
20255721
18645877
19747372
21439567
19629596
21283559
21933757
21390500
21076823
21306145
20187600
21171289
19547061
18794962
22530207
21775803
21643607
21567010
21344949
21291810
19516005
21587789
21940334
21319135
21742346
22558561
21274882
18042743
21116590
20703303
21141627
21468093
21667931
21115329
20066942
21386712
19150606
18928155
21489929
21841475
20901798
19198166
19482894
18509742
19561373
20928991
21362087
21960108
22620927
21806971
21996526
21355425
21798727
20664272
22774682
19542605
21723479
21921755
21167167
19120597
20548419
21303938
20609917
20138352
21964031
20250112
21904575
20360686
20910052
18429593
19249875
21896193
20588843
22394612
22071368
21152334
20418326
21220234
21692832
22239824
18378603
20815428
21703516
22323382
19563564
22895562
20334794
21360798
20908539
21351108
19693706
21248001
20262838
21797861
21293148
20477323
21162853
18036240
21004256
20012350
20286972
21739092
21239240
22326974
20924267
19711351
19443756
20555885
21805480
21301670
21822322
19143992
21339209
21157451
19832998
21928761
18985623
21412451
21752301
21879641
19663719
19381355
20404247
19894180
21147010
20499348
22611798
20461405
20934768
19335588
18131299
21040787
21966177
22880367
20351299
21044838
21441587
21119766
19670245
18155712
19678761
18024963
18934092
20481104
19290061
20398396
21164856
18406918
19702667
21936521
21717986
19954871
21193869
19710652
20475561
22847805
21623184
20271041
20156755
20002108
21837042
19134311
22853826
22832090
21210194
22174410
20852394
18862164
18138964
21564827
21993296
19220999
21847909
20168978
21461837
21313396
20687358
21680782
22938639
18219326
22587671
19807454
21326445
19535028
22843345
19641323
19331084
18873009
21423568
21699424
18522707
18881361
20002213
21377696
20181347
19870407
22469197
18207172
19700449
21546566
21093117
20117275
20706396
19577402
19364523
20545833
19592121
20162227
19908729
19442486
19343082
21196563
21621784
18551827
20288615
18526185
20787862
21144896
22743417
22972699
19061349
18097431
21371209
19409471
22836063
18775955
20918258
19446268
21274345
21640891
22447873
21712384
19725669
19587446
19070476
22433367
20219880
19808779
22713623
20010358
19608628
19324392
19402712
19767509
19171132
21065679
19537293
20358787
20010220
21081304
19473416
20575595
18212011
18555630
20760743
21582558
19875075
22265812
21261723
21690175
21370610
21238254
21778675
21057116
21661913
21442913
21693610
20121763
20807580
20176522
21250817
19127570
19161922
21312408
20288747
21209195
19814910
21505057
19881534
19585302
19448130
21297575
21775278
19312833
21242233
19955019
21883480
20947396
21507490
18980418
22637185
20810416
20140895
21797272
21347410
21696835
18243684
22133488
19658760
20269245
20214677
18039266
19033615
22008562
21749345
19908730
19745932
19562612
21796625
21567037
21384532
20722714
20475384
22463999
21964957
19290351
21490221
21061351
21244974
19067437
18806410
21689405
21045594
21616477
19680794
21685367
21625562
20359727
21100665
20889674
21520060
21789074
22632546
20019752
18927082
20156277
19332054
21432105
21907883
18913016
20621806
21930923
20143858
18560040
21516400
21819337
21852864
21281743
19875873
21536965
19997457
20962252
21580110
21691876
22928604
20608571
18838425
20934452
21181303
19003943
19645257
19034151
21205799
21094843
18469409
21553014
21081421
21051042
19116578
18842948
22965944
19321203
21218203
21813340
21502847
21000531
19337414
21590144
20028001
20392041
20512494
21242085
19861084
20796125
21730378
20246176
19698724
19602204
21085280
21520369
19982891
21188363
20330864
21133786
20432405
21769596
19558149
18441221
20222917
19880800
20895996
19700500
20909294
21359328
21395625
19965615
21587431
22549872
19393651
22877591
21574514
22431070
19559806
21207495
21353595
20493448
19638906
21765422
22551120
22447078
19433774
20051168
21874706
22985914
22631876
21685383
21805536
22572702
21323639
20880101
20221427
21275120
20399570
21258058
19291802
20848262
19108757
21221582
19012811
19215326
21640044
18782404
21463040
21678365
20669641
20073146
22005993
19253196
21387655
21862581
21472009
19308771
20275733
21782568
20637414
21561375
21965555
19696694
22727252
22334820
18048163
20855657
18072665
19288609
22524359
21905076
21843882
20631996
21816090
20163378
20203563
20734371
21899247
21506803
18102755
21528081
21278401
21070446
22292116
20880144
22418877
20494588
20404071
19731564
21561952
21125089
20904606
19288978
21955407
19323094
21377571
18032551
21609256
19518813
20904999
21787802
21494006
21573732
19802810
19720963
19526761
20096912
20970632
21189790
21269644
21547451
22803497
21218035
20418649
21670690
21895869
21438421
18982844
22058481
21904048
21425235
21472401
20007312
20587427
18280705
19984643
20584019
22715872
21810312
19863915
21710628
21088678
19168329
20674577
21049044
20648966
22107165
21127981
21826800
20009972
20775535
18319132
19880850
18372639
19042989
21259696
21290727
19636990
18118199
21424260
20430529
18114740
19467226
18257642
21263409
21660864
21279478
20891252
20635347
18232612
22310533
19306465
20755570
21485356
19710416
19444509
18786236
21295235
18383895
20299819
19237600
21385487
19472191
19338684
20113284
19959968
18012219
18322008
19675864
20606645
18778152
20720654
22525313
22011794
21321716
21370019
21306880
20323965
19929578
21998043
19042179
18724713
20901182
21201792
19594530
21088883
21098982
20238424
19698732
20115330
19857751
21219929
22060293
21772525
21644153
22501236
20968265
21197747
19188704
20369215
19834946
21565287
21083055
19061344
18604301
19212163
22230332
18355515
21752216
20283441
21164398
21635902
21824621
21848747
21760350
20994766
18398076
21727798
20271022
22922111
21627814
19795378
20883555
19090168
20410581
21390923
18773310
18759604
21908107
22843681
22466516
22237496
20582149
19486583
21279878
21361241
18938895
22838446
22875257
20790933
21541625
21240876
22875959
20451451
21973251
20806933
21382332
19961039
18234929
22218166
21508040
19789897
22416686
21298027
21512766
21907374
20186763
21739537
21969870
21335787
19649273
21397057
20067772
18793953
18640926
20401216
22354686
19384135
21776072
18439159
21739080
20622101
21260442
21200155
19999521
20318701
21722548
21604500
21385549
21170489
21328901
21295736
19810838
21558970
22587460
21891171
21992849
21296325
20956654
21715822
20736593
21614252
21883777
20514317
20601980
20417236
22843404
19167142
21132370
21115166
22508300
19160269
19716998
22317917
21917400
19649165
20400839
20725832
21477106
21340787
20926107
22776099
21050755
19548369
20490677
20512082
21469192
21392435
19663011
21707405
21438899
18098123
21896485
19787578
22779428
18374855
21416553
19855981
21667134
21609836
20551693
18032000
21989410
21332128
20516993
21538753
22833630
21371028
19512924
19482655
18597701
19916611
20397762
19957185
19574289
19919035
19652301
19003902
18926991
21102825
21561062
21336159
19916199
21490512
18034719
22053331
22102025
20077569
21337179
20440841
21342418
21874205
22471235
22445858
19114100
21022639
21332149
21135994
21875268
21008021
21999233
21703212
21345644
21938416
19615223
21945855
19409437
22365050
22355096
18151654
20735976
19430421
20460518
19596672
21207728
21630595
20098472
20855548
22609497
22999044
21799792
19107652
19087275
18460865
19710395
21677006
19939032
18019797
22290408
21478483
20547737
21164637
21857570
19563789
20455446
18898783
21218812
19198134
19150352
21321979
21756497
21730435
18078669
20398082
19722830
21539877
20871391
20081473
20186495
20545826
19372096
18159915
19666645
20590038
21276343
19450499
21256255
19978163
21527476
22391116
20113715
19808104
19361950
21236090
18354504
22922115
19048623
20917207
22077045
22256793
21698642
20992801
21130364
20496246
20090447
21066937
19620437
21685577
21430371
21926855
19051821
21798044
21244216
19587001
19571883
19131865
21222912
19124388
19089688
21055199
21086111
22480049
20096418
20546321
20069506
19311791
21499333
20823108
19317280
18394719
20266190
22561425
20929951
21499330
21432777
21660225
21640335
19575567
22603886
20501123
21061298
18047700
21447211
20099693
21407548
20999805
20071081
21483885
21812944
21882270
21273694
19492543
20480126
20118717
18112043
21523892
21758487
20186467
18041405
21331677
20611470
21773462
20263280
21693032
21749261
20200011
22997808
21377619
21624688
21372840
20657607
19371836
18183378
19146292
20180578
20235523
22155608
21541517
21128232
22723966
19006795
21927542
21951273
21585748
20587328
21782024
22839950
20876410
21125588
21075750
21310187
19718192
21347963
20848419
20056273
18541293
20155547
19867732
21039013
19224193
21195695
20871617
18713191
21905699
22449673
21452823
21316831
21762424
18060151
21559642
22956879
21650911
20483740
21631790
21762667
21138107
21759102
21951285
20410852
22835703
21523303
22580823
20656618
19696900
18404114
19919683
22313941
20299142
21500813
20021240
21437859
21725110
20213542
21001917
22532374
19418427
19409417
21263865
21689020
20355295
19709924
21838686
20121419
21931512
21458807
21170898
21798351
21096075
19803327
21071859
21633545
21133497
20185331
19272769
20947866
21370749
18998930
18618756
21929460
21771018
21691916
21711076
22471423
18996253
20810375
18336674
21527977
19560068
22683693
19943416
19453895
21117690
21395556
21738763
21143816
18996288
21270447
21064356
21669022
19781907
18894532
21305765
18577888
21304505
21340595
21947541
20600161
22472335
22076681
18048819
21245991
21047231
19245657
21907427
21416485
21707247
21403238
21227739
21449512
21885788
20494764
22498471
21523657
21699874
19312862
21383303
21798495
22753234
20713988
20715122
21004764
19254619
20599070
20915912
19564646
20289193
19867557
21975268
21596561
21578680
19438866
22930127
19349791
19386031
22319740
18586418
21757055
19673428
22070112
19245296
20400468
21613818
20945897
20013223
21108186
22561928
20890295
21312736
19420247
22241029
21373241
22555379
22590724
20831809
21657529
22312624
19810526
22982526
22000447
20295353
19473826
20351548
21036528
20654953
20647727
21322076
21549765
21659191
21588846
20306214
21744729
21734042
19475667
21366834
21304393
19295623
19771563
21187905
21136364
21100721
21202846
19327895
20833692
18472518
20618768
19787040
21230071
20898383
21371617
21372241
20280827
21099977
19978099
21005118
21492895
22903953
21146128
20479765
21049404
21422199
19399767
21859941
21524127
20177197
21458265
21558384
19081845
20860238
19769451
20982415
19065874
19018400
20343662
21471340
19598123
20773868
18353929
20125512
21534187
19671041
21785320
21819474
21712908
19713127
18475508
21319743
21807131
20422359
22846009
19471956
19519779
20187345
19697605
18245716
21561691
19756334
19344860
21381688
20520781
21470077
19286522
21226232
18165643
21829075
20222319
20356242
19996410
21345265
21876011
21279629
21137374
21538876
21074906
19712399
20883366
20038621
21269143
19918501
19582804
20255036
19342849
21533586
20952843
20170380
18702215
21213549
21185583
22851220
19899639
19173453
21329703
21441734
21885566
21724516
21645978
22668571
20003571
20094983
18091531
21438890
21556982
21804484
21166516
19541866
19069002
19507450
20794444
20432949
19703198
20555220
21915588
19976297
21949773
19888082
21970390
19222173
19600935
21840997
19035609
21656295
21548406
22806838
21827523
21814943
21573038
22393558
21127055
21400307
20250406
19364168
22417106
22259370
21787200
20736057
20060175
19215244
20143420
19478450
18094078
20746477
20215835
21144704
20709332
21007819
18126878
21249786
21305495
21050734
19963029
20600423
18156408
21758384
19193293
18138534
20023820
21787288
19270993
21337880
22436158
21144296
19097279
19069885
21129289
21579372
22535325
18975702
21617273
18338708
22283216
19301412
18373263
18390049
21335946
21425755
19796005
19432131
22098615
22412824
21268854
20766531
19864142
21573738
21684176
19965444
21538245
21930217
21088639
19966983
19286116
19795947
22827267
21157064
21457796
21393886
21414286
21072474
19890393
22328696
18945845
22405856
22853336
19431469
19464438
21837963
21019961
18291738
22171617
21257451
21155588
21596407
21287066
22933197
21384954
21331971
18923656
21656652
21191145
22353093
21037911
19223965
21284453
21606866
21841895
22305114
21315706
21932434
22656477
21767108
20710167
19737301
21257628
18301914
19126811
22551788
21563815
20090905
21921408
21682336
21057978
21687062
19877978
19507347
20970255
20252467
18923881
22174624
21474886
21246995
21182443
22512145
18287553
19696284
22465985
20317120
19949834
21748661
18216204
20449392
19941622
21620476
18874502
21422121
20530354
19832751
21783618
19560345
21122712
20600853
22275566
20741000
19061768
19008907
21300355
20104800
19473038
20640841
20335277
21773489
20141709
21361303
19960662
21580148
19478462
21229488
20429808
19716461
21393945
19064439
19886100
21909213
18000006
18341778
21343285
21497714
19959205
22857666
21306133
21370079
20203777
19112898
19741049
21292245
19528852
21110616
22387383
19603011
20327297
21039763
19503721
21012435
22515681
21971042
21974552
19557626
20250179
21384912
21583823
18023882
19048629
22026108
19553844
21639375
21016799
22122245
21923055
18535425
19557945
20455413
19561681
19189455
18108785
19289563
21113342
21657991
19889173
22312620
19084398
21064863
22097179
19252875
22398917
21939756
21090058
21109119
21597132
19103171
20557400
18462197
20146464
19997672
21657395
21872322
20891398
21182702
21317151
20639916
20149008
22122850
21851194
21863446
21427482
22520966
21359553
21954040
19339663
21255129
21811574
20888038
21878976
22888255
19870066
21114643
21963877
22636009
19949827
19229619
21490792
19321007
21459033
19698187
22897392
21418301
21894571
21505868
19117459
19216382
22999520
18601724
22857149
22369702
21461785
19736510
22661314
19297936
21468213
19656539
20454173
21678968
21418561
21895650
21214905
21172149
22408130
21297663
19848148
21210684
21348200
21886916
19705841
22885320
22025188
21662605
19258585
22192827
22165209
18419770
22341889
18953923
21513549
22566427
21636092
22360412
20350074
19496506
21991836
20251053
19949775
19408961
20633758
20197517
21663400
22184202
20062649
19185269
19823097
18005008
22144081
19798977
22906231
21661458
21916416
20384238
19911949
21960766
21548072
21053194
21076799
19587877
22560617
20766951
21221230
22306785
19620196
21870633
19959045
18524562
21234616
19766201
21211074
22268889
21618116
20624027
21535987
21024646
22504354
21184367
21032892
20310356
21084014
22052280
20323385
20900969
21881886
18973895
19033659
19468142
21461396
19535084
22342362
21538078
22909429
21692716
19551670
19701723
19679456
22984687
19326545
20616441
21221633
19118920
19887567
20378318
21136527
19681617
20377113
18936444
20456652
21256833
18655749
20645614
19190635
21788812
19934429
21135703
21469890
21112195
21102716
18286338
20537497
22601460
19129233
22331417
18124011
22434849
21492403
19403859
22851154
20380023
19806658
21601127
21544306
21724095
21771420
21961471
21416731
20555534
21765163
21524964
18657124
19245427
20882439
21507852
22247883
19476489
21954938
22241673
21538421
21814417
19651133
20013702
21090233
20047260
20059031
21506037
21880369
21580889
18316086
22188839
18915360
20899315
19626745
21711967
18533721
20827123
21666714
20557360
21157149
19621656
22665340
20275046
20142700
18489593
18770437
21562219
21506049
22600862
19170914
22341054
21533203
20898319
22129281
20792659
21779219
20040545
22902623
18810731
20190208
21582399
20802127
21550024
20137214
21830399
22946227
18981647
21729579
21717779
20139458
19304811
21402182
21114174
21901056
21241703
21005934
21193066
22346545
21323913
21968088
21116954
21909186
21847902
19436961
20942767
19266911
21945477
22326572
19367458
21413188
21700331
21525150
21236530
21120205
21652056
19976390
22741944
20051514
21521668
19461368
21015823
19218008
19346803
21756456
18494507
20354352
18840618
18603115
21119578
21748029
20019821
21312243
22913810
21143821
20458395
19584748
21832807
21184338
20897368
21527324
20590300
21073531
20596618
18157638
19248874
20002299
19576826
20575263
19315834
19898956
19504938
18595573
18704074
21059651
21695337
21649801
21823193
20378197
19456877
19904775
20438184
21359617
21432437
21375964
18276640
19875768
18281656
21020450
21648723
21283487
18726222
18666294
18286222
21336704
21980298
20868972
22885753
22963982
20154809
19529291
20401678
22164173
19854689
22746437
22013367
21655042
22950164
19369871
21571403
20109516
21038285
21769398
21326947
19495719
21151269
22487683
21515200
19789155
21498334
21039774
21126712
21921361
21690687
21894906
21318825
18965917
21317209
21114532
21094512
18382142
21285595
21174260
20268663
22184496
21786644
21033545
20040146
20782651
20862434
20983922
21895597
19058452
19053806
21636468
21661169
20766642
20655109
21446531
20029493
19597689
18357276
21636936
21227323
22608939
20868022
20783764
20246767
19853668
20449999
20353719
21666093
21248863
22708544
18072507
21287196
18695388
19682733
18504477
21526622
20336909
20202210
21651147
21931734
19720818
21045677
18811894
19487691
21192057
22991140
21075017
22207285
22573733
21842905
20932653
21917612
19823969
19153471
22504311
20911563
21625607
20190170
21265614
21568620
22904826
21134888
21685015
21876796
19632642
19283033
21946812
19663802
22588677
19236534
18140298
19596336
19202293
20729694
21280114
21327331
21064533
21351197
22780544
21023367
21688363
20917196
21620139
19465697
19765308
21876441
21775702
21388162
21032634
19044056
19934428
21229082
19381265
18381610
20381386
21707673
22311131
20777601
20104337
20690067
22647951
18093096
18573852
19903367
20541153
22438970
19373756
21040359
21271390
19236398
19814649
22102600
21325801
21494434
20015673
21216155
18643167
21180362
19791684
18238434
21590561
20201901
22998741
20028506
21559812
19719898
20001124
21713002
18643427
20422790
21955583
20778121
21865994
21788023
21425361
21945084
20581888
18174072
21809981
19030627
18080086
19022476
20786169
21577819
19389832
21749719
22332287
21370421
20915782
18258548
18192620
19479315
22057690
21979194
19243315
19439066
20350418
21527774
19242350
22089935
20227503
21429928
19805938
21108164
21491117
20523912
21576045
21494578
21365770
20193500
21308685
20955394
21361935
21728102
22829426
21129064
20453564
18482774
19747668
20752007
20275679
21796816
21117498
19295412
20869163
19669303
20574924
20424679
21011305
19181633
21388942
21345055
18410890
18066392
21788393
20803481
21193348
20907513
19953315
18948028
18839448
19714048
21318790
20829078
22217245
21291329
19559772
21531047
20351184
19939856
21146284
18457344
19396141
20730052
21308962
21262798
19996520
21331750
18394224
19726160
21304998
21487390
20908831
21082492
22422320
20543859
21846280
18984973
19455719
21884759
21182126
19975625
20857146
21863841
21378815
19253161
18062500
21054577
20572270
22376371
20375240
21566203
22080851
20564645
19449173
18225632
18240178
20516019
19722414
21548428
21787113
22946085
21930690
20361382
20118819
21073193
21921458
20904803
19544783
22666520
19032912
21264039
21946401
18739234
21356239
21311276
20930057
22277947
21423640
21895584
21113445
21699360
18257706
22354957
21427223
21904526
20586647
21162553
21297110
21522575
21658282
21359792
20438385
19896769
21264137
19109276
20330168
22567849
20576485
20019462
21120349
21269218
20892450
21667460
21939082
21163090
18260863
21778160
21245256
19422454
21975924
20446955
19293367
22309121
22368559
19762404
20209016
21411273
21496843
20845947
21859271
21130002
21858557
22659088
18725111
18363122
20172818
21091313
21682363
18249629
21404101
21072097
19206910
19765059
21218381
19921710
21566726
21540564
21016337
18498557
21139244
19946767
22586374
19384170
20659782
20780071
19504150
19597767
22345734
20801118
19346180
19795035
21869947
21707040
19031454
22549381
18009379
22203234
22821103
20096018
20810122
20924875
19602328
20883971
19038579
21262228
21110469
21313974
21258762
20530709
21596338
21165560
22206720
20150295
21082964
21636283
21988720
21151595
19499269
21416645
21348782
18909082
21806395
21240846
19973157
20404441
18352292
21237590
21793875
18369905
21108582
18491124
20505001
19525839
21504797
21975515
20672266
19658851
21170271
21548497
21617058
18008632
18316090
18953293
21533685
21104943
18938543
20656425
22831031
21138507
19376934
22031734
20297547
18371527
21345297
22860222
21907117
22024607
21215690
20660434
20904379
20469409
21981106
20214319
21824046
20318338
21608271
21586463
20678089
19542722
20554450
18960980
18262847
21375530
18121917
21754789
18965069
19932858
18027290
19658475
21964011
19958700
20056321
21760329
21842856
21904021
21873316
22615942
20827919
20646194
19020981
21207303
20460477
22039467
21973899
21741489
19119584
21847999
22874522
21309586
20270680
21673817
21985212
19208573
19343903
20217436
20491788
20421583
20146407
19316773
18531002
21756905
19711466
21085114
21106587
21417738
21546717
21529019
21757578
21212082
19709006
19112968
20593127
18116742
19440407
19026849
21544376
21221866
19285467
22489839
19321231
19390588
20890194
21096808
20992306
19801673
19404592
21198926
18516438
21492024
22990672
20838502
20264608
21966179
20742498
21113626
20761140
21069223
18754987
22457589
21708398
21563466
19905111
20840657
21203711
21730679
21945311
22949272
21253825
21730902
21342273
22206200
19115054
21932365
19555290
19802544
20691999
22459208
21470464
21082888
22413258
20675340
20965237
22694004
19955525
21514855
20486550
21665969
21830925
21457086
19790524
21426827
21246044
20938687
20444167
21806459
20129257
19532292
21787644
19174745
21049328
18802758
19799974
22822138
20776121
20075133
21559061
21825371
21822922
21631659
22371049
21568339
21600982
19310770
21731152
21908089
20918003
19768064
18055171
22105275
20593969
20487071
22957599
21557909
21723641
20727874
21981010
21733537
21830162
21371761
19603217
18032812
21712942
19054337
21104422
19478328
21550241
18740743
21648797
22765572
22962453
20080173
19712020
22015818
20982061
18908520
19434736
18020610
21759506
21137217
20746382
18379254
20149335
19703896
21045924
19867508
18657822
22024190
20292586
19461587
21677829
19582814
22984422
21615319
21544912
19482476
20188884
22724148
21767809
20230459
18177567
21582519
18714370
21946517
20940025
21565828
21735620
19735565
20741252
19958477
21127498
21225705
21991778
22520915
21742202
19123151
22323235
21021927
22182954
22590167
21880048
20179746
20633268
18697596
21226156
20299106
21974608
20665091
20414540
20715376
20166526
20007191
21963108
21988854
21511976
21574186
18296400
21420459
21148131
21271305
21624042
22355301
21063633
19597235
21004793
21627810
21073086
20825914
21504133
20530456
20244117
19248254
19692677
20042100
22475261
21618922
21900043
19323299
22028611
19597525
18390012
21385163
21418349
20994226
20278208
20827457
21942831
19421723
21282500
20207040
21016263
21679487
21110846
19991314
21198404
21049943
20650889
20962401
19451732
22655655
18846145
20661554
19197087
19532826
19245088
19427260
22613314
20935336
19349596
20053651
21100315
21225409
19495154
21640565
20400788
21635964
20052758
19869776
21104609
22393978
20325495
20791650
21767780
21724745
19890335
21536100
19996028
18701200
19609159
21373558
21910863
20593334
20526064
21121834
18302881
21783553
18105729
19389254
19970115
19155441
22816125
22404090
18597040
18907671
19535735
21555636
19091835
21042959
21506922
21237152
18616976
21331169
19155251
18063470
21360197
21749540
21760399
21930425
20039406
21702731
20026881
19965724
20979351
21547226
21817618
21308739
21066766
19299102
21188963
19811815
21883253
18591998
20312187
19875212
19205932
20493690
19931051
21624169
18259088
21340879
21210975
21327147
22267048
20309389
21720000
20056373
20949639
20854337
18643181
21691006
21595314
20138866
20051343
21882959
22763375
21405138
21031708
21563473
20858017
20169442
21575959
21578226
19385970
20986272
19305371
21860180
19505355
19025006
19671226
21534255
21702623
19611434
19995028
21005864
21952416
19164844
19374390
21411961
18330022
18654722
22082545
21363005
21015006
21243559
19178066
21303012
21597256
21458185
21953415
21199361
19355210
20456138
19453163
22442165
21901766
19424876
18376829
20339049
19218211
18742702
19659127
21447276
19783117
21960565
21291311
21878749
20956928
21200600
19318626
21698600
21297099
22141323
19231232
21712412
21284675
19804843
21159255
21075074
21576496
21170530
20963455
21589152
19175963
22981674
21354297
20412587
19374886
21157523
22664512
20636470
20725052
22024152
19735760
21460732
21373647
22377300
21315526
21534898
21788523
20398787
21289425
18693029
21596361
21742311
19032421
18882609
21694221
18789646
20357882
19578398
19294093
21352283
21750771
20416627
21065011
19388364
20950360
21159458
21649530
21047823
21220288
21705600
22353612
21534438
21924935
19567725
18201883
20087721
18258234
21612054
22236453
19452319
22149746
21359811
20266341
21879683
20193147
21076975
20013381
22952756
21612098
20477288
21665721
20380986
21364662
20437365
21284261
18295094
20165230
20942449
20605506
21753051
22923999
22126053
21375649
19010009
20865149
21769551
21095358
18538853
21548248
20341474
21153789
22004412
21823108
18602330
21016902
18792762
20987803
21277520
21353769
21119019
19358762
20073447
19744854
19658935
21567557
19384982
20766427
21363621
21171280
20849612
20171567
18911796
21897816
21518327
20491752
21712283
22303413
21818005
20174999
20248200
21734841
21295931
20965085
21035636
19190063
21748877
19717087
22222250
20992241
21901237
19696647
20836360
20946937
19403424
21171090
21408981
18913269
22181757
21648176
21449684
21317492
21870307
20636147
21133170
19363518
19479109
21175223
21393324
19973196
21790335
19801271
19854260
22868152
21707126
21307528
20484656
18802864
21344668
21364205
21531108
18623290
18646120
21212741
19444389
18068511
18171009
19850808
20718567
18209498
21089479
21434006
21099674
20315607
20599850
21020624
21619272
20017908
19147790
19941005
20268543
19126035
22574588
21978380
21825105
21405318
22597578
20894385
21200456
20740171
22792422
20198129
21279579
22963583
21541709
21462762
20014605
21102564
21370007
20311306
21436447
22045490
18529219
20101884
20781398
21699551
21444708
21833024
20363000
19422210
18538104
21047699
19559518
19887402
19231483
20940857
20839777
20720984
20825138
20969801
19097599
19558633
20918892
21437143
21956029
20745824
21287651
21785576
22687246
22333309
21353653
21051555
21066239
20178537
21726990
21809660
21472622
19435486
18402362
18070199
22882252
22647393
21789689
21553156
21894301
21568738
19307416
21476250
21254745
22930585
20716477
19799418
20426837
21710238
20722222
21010705
22363111
22895868
20262219
18082393
21708048
21075960
21806067
21392297
21565588
21185726
20778548
20415764
22221548
20147091
18022464
20170917
19972790
22540437
20009682
21518907
21980280
20412867
22355713
19781430
21207139
22694697
21228020
21971038
21036917
21894176
21275110
19044520
20545317
19040394
20371964
18206843
20404713
18597161
19830530
20816116
19715845
21866654
21391090
21622927
21994879
21942200
21415464
20192496
19511694
20996567
19592076
21424335
19864995
21616836
20575250
20165166
18982366
21089032
21838692
21718704
21026826
21192634
21972172
19069291
19693131
22877145
20798506
22757021
21858009
19328781
22575562
21006588
19511895
19865401
18531127
18402902
20263072
18269793
21100106
21386600
19877489
19357002
21981471
19841202
22727963
19386263
21088821
21390828
19336714
20788306
20172806
21622006
20703999
20669434
21057167
21581609
20176566
22686170
21403214
21588446
21839178
19616369
20819537
22340026
19042300
21146126
19445735
20695998
21825120
21051014
19878124
22035358
19708812
19785977
21807454
21643542
20626363
21561361
21847339
22040847
22194084
19720576
21748799
21031272
21120073
19277512
20832133
21700340
20305421
20193115
21879839
19114122
19131186
19075265
21742521
19163669
21618136
19279871
21833962
20525551
20590833
21400027
19048101
20972694
21596641
19474543
20370123
19429702
21119749
22369716
21201623
21783103
21603673
19928349
19597317
21116196
21517151
21444425
20771011
18292209
19967677
21361897
20609837
21211254
21692575
21330660
20612578
19811491
21481774
21669757
22519232
21652697
21834357
20278655
20725286
20987057
22015518
21698034
21115415
21912748
20967461
21435833
20247092
19152432
21942520
21825690
21742838
19787808
21329219
19766143
21732158
19262062
21505260
20591702
21074544
21118424
21145614
19889034
20047801
21596172
21407255
21864575
19300835
19835003
21589931
19185362
20244631
21048808
21908794
20715346
22110413
18732457
21739989
21055848
21719129
21381628
21372222
21725820
20993479
20454226
19455841
21263513
21467657
21320345
18948628
19252738
21663956
18290279
21568543
21404182
21333273
21230907
19057134
21632146
19752105
21166861
21480303
21692047
18236243
19669699
21421226
19487634
21728443
22765489
19127493
19019932
18552606
22193125
21233097
21756446
18827190
21040056
21192418
18203345
21942590
20576290
21126952
20372257
21051197
21031568
20392095
18976042
19760620
18492550
21299993
21799200
21378633
20640212
21089361
19349466
19429619
19802797
19638372
18617841
19929517
21574717
19211069
22824957
22531093
21411783
22146931
21079467
21578863
20700222
20173421
18369308
21128040
21328735
18695996
21759810
19978880
21824297
20724351
20541261
21976990
21989925
18209743
20222424
19215195
19745158
21532973
21266940
22436888
21214256
21052345
21321976
20701710
21000223
21688816
18865637
21297484
21752574
20094208
19431824
18989858
22121478
21221516
21704264
20558305
19648688
22877273
20677242
19131605
21527469
20950148
22737712
19080846
20254152
19526263
20555485
21614891
21049740
21764094
21954985
19315906
19769532
18793425
22205159
21578381
20036883
20913259
20619165
19461956
21617646
18824600
20565160
21702888
19255043
18550978
19763207
20943818
19869005
19750988
19602650
22395422
18859227
22366247
18445253
19615631
20569409
21758483
21148151
20019578
20226836
20322594
19066232
20569238
22222139
19589312
20630522
19913441
20674546
21289120
19266637
20943697
21536175
21970191
21775956
21467297
22304843
21793258
19160182
20277620
19554247
18905313
22677403
21937282
22487460
21921251
21676997
21668878
22199777
21885730
18984862
19860874
21621003
19228556
21630350
19204327
19043988
20679860
19435418
21240645
20687531
20281406
21733723
21748551
18320759
20822543
20647819
22142333
21365351
20833021
19586666
19379434
19717146
20014061
21161179
19237643
20565972
18750189
21423987
21050597
20323797
21255859
22467022
21557616
22249039
21705708
21906833
18199261
21819602
20487974
21022484
21960993
21501325
18685142
18135469
21174322
21173275
20356091
21294855
20025329
19397142
20221339
20338791
19220708
20441705
21308082
21633192
21056109
19387422
18267933
19511353
19857087
20662786
21058375
20271455
20963444
20325820
19086750
18737450
20993601
19590538
19893440
20259848
18277248
21075022
20719052
21796463
19635377
20702639
18519268
22376897
20126006
21176932
21164179
21560274
21317596
21563713
20064335
19764228
18319220
20859564
18932003
18743243
21474548
20570379
18929496
20541150
18224337
19585212
19594634
22156189
21475013
19389480
21745820
21675464
19967045
21320634
19191743
20593552
19837726
18115756
19060322
21416365
21548608
19828259
21641454
20459680
19948787
18547850
21282632
20623914
19166999
21506327
21826225
21107137
21227049
21856576
19378958
18029688
19036679
21999150
20649679
18932881
19910662
20249072
21465121
21479947
22347929
21640523
19769160
21093558
18769466
20806141
22948982
21925162
19115689
22287542
18960365
21574258
22461146
21724846
21309157
20029010
21756866
20088268
19456464
20981077
20195338
18648108
21259907
20897141
18787293
19216397
21703202
21703203
20585778
21557832
18084023
21158896
20926691
21029996
20867871
21247598
21197619
22828416
21222969
21606792
21617965
19433643
19700336
21760462
19955501
18687615
22771639
19488489
21435609
21538725
19925952
21118738
21391181
19614514
20707512
18815756
21663612
22308494
20517714
19918418
20711184
19110168
21979681
21057417
21224032
19376730
18008205
18756420
19140117
21343625
19431758
21454247
22998156
21291592
20589959
20492305
21696823
20631807
19152824
22274052
21292696
19036000
22544454
22040402
19422726
19159717
21099916
20168382
21911854
20341725
21952422
21017956
22264766
22997438
19466510
21149543
21446193
19736304
21658510
19229628
18024985
19910100
18814601
21689524
22707495
20034703
18118607
21493927
21392606
20010063
19773167
21849412
22786427
19209984
19951108
18619325
20767951
19759342
21371727
21497461
20799526
19914642
19750486
19702736
21754065
21350388
19728782
18628547
19414988
20704562
21305639
21870754
21877447
21932023
21654833
21383574
19424811
21897362
21413696
21934992
21758723
21512568
19665587
22705489
18742836
21195298
21201425
22035360
21856433
19424772
21785421
18123453
19978388
21395382
20990705
21783346
19024249
19511184
19994071
20290121
21144340
21998590
19232531
22552056
21840006
21367898
20983900
21684675
21603243
20728469
21819078
22286696
21190253
18969871
20192075
22572845
20332158
20358235
21068182
21176710
20271738
22073298
20093932
21025235
20871804
20536242
21730798
20690364
20783540
18097621
19573921
22462666
21697806
19121499
21494845
20808140
21077981
21966783
22448071
19066450
20729823
21065434
21336236
21678788
19603470
21538330
20670719
21093493
19271755
21278342
19332832
19319690
19602567
20068293
22062123
21789254
18601721
21384608
21170689
20581382
18136307
18351951
20671719
22483812
22706621
19608853
21479501
22380560
22454794
21321743
22655654
22113026
21286437
21252865
21346981
21522232
20782485
20193473
18205853
18607378
19784617
18472680
21436800
21881692
21742011
22068174
21451564
21315166
18311980
19771324
21258226
20133151
21483541
21035986
21832140
21948590
18811225
19790404
18154166
20802335
20099282
21380639
22359844
21033469
21669364
21895386
18861865
20882876
18599925
19463398
20575974
20223884
21436164
21666734
21966224
21249415
21126666
21665454
21573969
20947697
20227870
21030148
22443494
21642732
22587497
21751141
20059070
21348851
21045332
19839966
18847842
20125254
21153150
21396328
20348099
20305064
21541478
21804475
20034189
21718658
21018933
19500991
19989027
20288759
19426071
19332676
19814779
21026422
21126294
21665090
18444939
20547172
22400950
19921845
21326992
20414373
21548347
19958334
21414063
22361370
21505636
18948588
21789378
18447349
21335572
20744582
18516709
21291153
21675839
19174526
21436790
19979907
19053846
19848244
20065591
22227688
18569037
18427643
19128540
18010471
21605664
21708934
21814946
19039405
19877106
21185671
20380296
21336570
21171317
21132395
21269261
19195699
18195639
21821894
21744423
20998230
18574216
18620593
22355023
20455364
20970863
21515756
21900554
19172286
21017739
20574972
22278359
21980513
22225794
21177734
19755902
19935236
20548623
18293984
19620713
20864158
21342808
21177807
21059972
19245843
20424252
22168383
21572175
18965971
20226243
21851624
21874301
22625969
20653827
21139944
21292312
21844341
19833174
18860607
18304014
22754738
20980495
20354683
21131968
20384908
19772150
21370866
20721360
21631334
19242617
21473584
22832063
22105878
22191622
18440838
22055906
18021083
19430143
19385345
19175267
22176090
21137496
18804186
19936733
20223998
21991328
20703772
18039222
20152387
19745468
19112288
21055187
18845046
19992143
21756813
22217246
22386904
21603304
21531589
21237969
21833491
20656578
19865128
21749327
18302594
18228269
20223382
21253855
20424126
21951881
19918015
21032884
21394677
20501864
20190548
20445052
21580863
20453606
18116097
18613588
18080586
19389513
19428933
22580157
20061677
21012854
19890579
21135571
19912109
21643526
21318363
22960659
21532436
21456536
19282879
20753828
21245469
20613638
21006055
21058332
21467404
19702952
18617314
21844500
20321608
20939906
18869280
21574408
18180828
21652695
19626328
20167932
21526942
18583606
18137309
21991184
19969660
21016442
20428736
20712133
20331418
18323596
19796548
21370742
20081414
19210851
19362961
21112163
20529140
19698083
21750938
21614584
22640883
21639973
21520313
20227572
20521497
21473491
21713833
22202066
21384316
20386835
21717392
22172244
18286390
21629248
21867441
22360135
20412489
18068957
20167588
19879294
21836369
21917514
21497006
21561677
18014594
19154243
21161572
20187238
22395857
22927634
22684687
22517449
21394930
18117019
21288654
19302585
18156217
19521348
18065640
19256725
21902929
19412220
20433942
21705155
19380700
21322006
20271202
18270455
21487160
22506415
18735601
19167890
21338101
21646387
21608711
19627454
21907390
22646468
20787543
21404775
21595287
21616502
18540631
19231499
19025376
21641704
21159004
19072189
18170073
21631885
20713281
21638609
21482764
21189718
21354218
21090827
19264679
21516082
21922553
21392510
21456658
20624596
19565920
21946758
21151281
21810308
20388965
20313690
22432339
21054763
21356022
21799278
18844149
19599736
21304705
19395868
18384671
22420976
20262205
21353662
20985846
18465520
19962283
21027407
19119091
21299212
20293512
18549319
20644259
19665970
21558028
19454428
19276601
21352085
19667357
19178227
21079358
19383989
20547732
21842671
22078588
21141418
21231841
20959747
21591978
21640422
21027933
21866178
20294778
20730227
19842529
21663788
21986456
19066208
20117477
19504576
19570653
20148728
20191850
20342124
19491366
18607344
18240523
21065779
20464091
18455134
22422950
20289822
19431245
21002609
21062740
20597339
19572314
20323148
22378081
18278959
22864472
19346924
18335304
20516752
21605314
20810087
19173127
21113990
22199003
20155542
22140698
20370236
19667846
21681817
21312776
19152621
19028973
21131982
18466504
22176106
21971174
21198497
19049475
18578007
21153230
19115154
20189482
19377782
21288008
21483930
21690946
19948147
21333052
19085720
19973266
21898729
20159323
18812892
20501245
21213982
21877553
20186572
19641698
21800035
20829768
22139137
21034886
20190138
18002459
18102707
19728691
19811464
19274236
19920183
21274959
19442341
20702453
20578571
21627887
19725215
19114998
19933550
18354847
19284690
19264505
21975998
18645567
19933973
21148480
20890530
19925275
19611389
21792062
20697592
22606987
22663461
21716976
21456689
19711574
19488388
21893576
21941644
20294140
21588168
21449786
21876228
18638342
21722160
22835572
19362678
20127447
21547202
21376350
21784569
19367265
19899225
20775775
21051195
21725412
21725983
21025554
22358811
21000777
20531528
22227374
22149881
21766802
21181380
20533159
22902381
20786734
21064054
20990244
19352917
22674000
18854690
18521619
21131030
18677775
21603714
22334015
20323549
18487732
20678436
18764912
22726461
20931712
21517201
21256437
21930821
21092171
20479297
20484253
21203356
21672052
22009688
19066896
21583952
21372652
19984326
21806306
18803750
18185037
21293434
21654893
19933584
20946136
21512273
21153016
20069997
22795785
21370939
20750373
22679350
21658992
21193248
21781588
19355531
19683118
20157633
21180142
21997717
18811956
20249850
21072652
19948858
21156606
21251431
21367457
21696247
20653418
19729390
19798628
18930722
21199164
20467457
19264699
19665322
21805753
19119322
18825905
20380772
19437778
19902228
20703447
19767284
22952377
22988505
19294569
21195667
20655916
19292295
19825313
19058808
20841273
18523674
20544260
18098099
21943724
21285356
22886062
21458825
22555963
21587327
21601064
20045806
18782894
21122192
21454677
19809463
21409006
20018250
20845834
19627824
20194312
22873968
21911223
18818806
19283415
21337916
19299983
18703568
18437523
21185126
20683522
21329062
19656350
21967548
20610923
21083374
21096122
18295408
22161527
21312733
21255675
20629315
22338545
20090202
21662581
19501035
18042624
21700417
18253910
19599336
21918777
19366206
20025909
21038445
18027623
21129554
21373906
21097718
21603145
20019588
20152772
19960189
22723102
18233047
19461188
21076018
18214303
20570877
20399507
21179995
21770350
21998639
20788845
19574518
19094864
20841354
22083056
19354684
21060129
18329592
21189860
19494706
19895690
22460769
19564414
21309910
19808254
21735959
21660983
18514301
19940207
20246942
21313999
18625754
21409991
19730923
18033776
18619548
21406530
19947086
21755981
21808429
22023986
21958252
21792084
21438374
21780320
18567114
21052906
19717830
19501127
21777956
21559849
21402934
21427167
21919288
21957345
19441496
21676566
18273183
22956582
21919799
21529161
19591982
21692470
21949635
22225652
18715390
21748346
22450245
21715417
20180261
22006387
19927009
22656233
22670054
21911987
22450772
21856449
21242759
20703031
19882572
20977079
19211169
21294980
18666676
21825750
19208356
22518851
21802652
21857567
19631385
21383017
21726950
20919734
19439504
20695348
21302298
21039080
19982330
19192525
20817270
19684299
21163329
19173403
21116354
20804667
21735973
20466902
22879299
20001179
22719542
22298438
21696416
19165615
21411694
21549383
21497124
22625396
21544905
21273161
18346745
21134194
19237169
20651111
19136411
21769934
20873559
21170550
21629483
21261361
21620104
20888239
18096600
21823649
21995400
21474559
18103136
21447493
21557785
21534392
20722407
20179687
19684568
18001873
21012518
21782554
21247454
18790687
19667778
21988435
21173413
21227516
21506460
21918579
22928234
20029605
19419831
20660085
19482976
18494484
21210808
19366160
21834524
21238042
19717130
21691523
19542144
21907149
20066564
21309140
19864078
18895358
21325537
19336153
19638715
18946541
21252200
20507822
21075429
20185360
21551927
19471216
20547740
21932445
20521257
18784792
19470535
18039594
22621083
19387082
21656183
21839316
21350153
21001987
21233387
21976911
20680897
20621996
19672657
19107524
19301735
22650215
21612316
21384405
18842122
21034115
21899234
21044795
21667417
18248794
21896481
21622100
19373827
19504033
18299321
20418377
21439996
21683637
20141217
21886206
21012036
21535320
21907110
19854169
20465611
19095891
22931118
22358763
21567949
19519891
20559817
22660336
21175264
21909003
21090547
19143607
19562889
21377251
18017233
18712290
21484600
19421989
21395953
19126906
21597615
21431418
21860080
21407587
20622060
21825945
20185409
20114473
21858574
19382972
21347494
20488598
21143463
21954415
21492427
20589852
21263232
21398293
19803391
19547281
21729981
20061967
21494670
21383164
18032109
19045290
19547384
22461878
19499529
22936037
21334110
21936195
21551262
20530538
20970192
19999160
20742499
21260617
21773030
21549579
21147870
19040950
21276332
21177549
21380210
20052612
20209665
19633108
19232719
21463388
19155581
21699321
20325985
21405342
20128716
21111547
20296680
19639291
19184762
21648978
21213703
22368762
21050247
21832106
19773334
21676055
21081397
20159743
18201231
18186064
22237222
21019853
20075035
19256786
21902258
18512667
22428571
21358508
20516228
21997488
21156256
20465946
19282942
19984924
18141974
21408397
21616899
21124582
21082475
21261965
21625173
20625570
19648838
21658558
21061591
21460740
18744296
21864155
21190229
21776148
19982553
19523816
21849861
21602191
21903796
21547426
19934837
19413080
19044864
18278560
21087133
21440721
21610274
20323424
20306454
21673759
21784434
21560048
18164235
21695667
21230273
19766474
19032208
20168705
20474590
21288290
18939042
21130403
22497408
20325472
19775826
18080659
21142781
18088226
20593497
18574583
21541901
19277011
21968516
20059207
19114670
21999099
20770546
18698156
22918105
21981146
18143838
21591018
21696160
20884211
18097439
19243667
19896075
21725441
18962590
20363966
20643077
18182007
19817197
19442397
21441527
19240494
21334973
18776976
18373240
21165410
19146300
22904994
21868938
21097932
19092833
22113918
22791443
21941418
21978191
21122912
20236848
19424151
19765975
19930501
19241869
21597187
20977180
19929845
21198309
21220308
22465479
21877402
20974923
21380328
22753930
19398483
20286860
22293133
21606418
20507765
18012500
21058614
21888331
21451516
20526914
18168132
19313727
21745325
20699979
22680688
20946277
21566007
21302830
21034342
20033378
21869055
21229112
20024743
21998894
21471112
22109829
20952233
21532059
21817126
19539768
20539469
18534159
22187575
22366164
21403880
20472682
19231620
21888295
20643267
20070115
21314167
19161002
20701393
20625272
18033079
19328090
19419819
21884897
19519375
22706075
19804268
21810991
21289315
21111158
20852140
20090328
21887383
20835042
21642003
19345998
19829968
21666742
20564266
20708328
20709388
21101154
22088828
19674558
21309947
18723915
21326316
21038348
21201914
21120596
20261185
22603462
19935446
19072754
21821311
19945315
19388513
19598782
19197966
18130039
19319186
19203655
21061514
21760538
21196830
18606115
18516956
21608748
21553555
19683859
20500226
18502845
21947986
20777140
21527699
20949357
21848057
19783833
18891031
20848222
21035937
22090171
19570992
20699928
21637994
21078203
20398773
21182140
22776551
21319678
21838144
21950373
21819817
18890476
21730717
19045803
19220558
22815495
20892901
18509392
20689596
21718178
19982503
18426817
20713304
19870094
22643935
20815156
20862283
22078333
20081292
20027202
19748624
18106037
19181496
19770440
20479485
18931420
21636466
19064913
20262777
21969923
22889399
19045026
19592911
18338690
20680697
19810645
21557685
21655184
18542351
20077580
20296795
19906784
21037847
19762529
21348395
20924468
21589101
19519268
18601678
18269305
20008551
20543501
19277818
21568764
21054174
21393871
20309909
19755591
20033305
21228351
20193467
21838420
19876849
18396276
19344859
20589876
21877954
19879315
19723426
20357364
21772544
22593735
21753939
19589964
21108959
21423999
21489306
20708275
21677397
20457595
20572071
18579042
22090798
21576931
21913488
22151866
20025198
19224637
19441024
20042298
19383082
21243419
19328697
21076936
20132567
18068925
21345680
21737371
21864129
21439744
21595742
21899071
20212800
21254324
19536032
20506580
21675024
18821123
22018986
22898036
19113347
18151854
22115158
19881034
22608073
19065680
21443226
20192752
20716280
21222296
22937557
21045653
21124839
21179611
18416250
21449164
18917981
21646679
20453521
21473758
20044996
22431295
19515217
19820929
19684471
20489707
21402359
18337711
20818416
21913136
21659959
18490114
18310073
20647587
20284312
20513235
22399641
22258346
21711492
22507358
20364400
21724576
21043958
20700409
18151145
21696553
21008819
21498534
21546128
22926428
21435629
20790232
21073662
21306693
21140185
22932408
20178082
20829499
21548719
21987247
21317281
19369186
22223673
21167367
21241084
21615426
20141146
19810600
19890509
22590155
20677572
21915603
22608846
21567257
19143518
19149754
21962250
18302662
21915368
21726403
21384673
19887811
18316772
21841878
18310258
18103900
22513129
21453136
21006293
21203481
18275365
18714060
20760927
20939558
21927037
21691008
18180286
21329078
21168275
21339646
21697316
20552729
20012201
21630369
21310687
19263996
21394313
19914044
19132993
21394170
20342725
20173518
19519535
21598661
19211591
20664614
18782462
22130678
21911108
18459368
18178729
18687120
21774517
20885824
19657982
21508003
19020460
20399272
19204191
21983025
21384541
19212059
21387026
21836184
21351251
19645284
19931191
21252178
21992240
21764735
19185870
19447215
19610526
21357446
21137428
21072465
22665751
20985411
19542783
20780200
20737125
21030914
19996170
21515103
21159789
21446525
21963262
20220739
18868297
20979433
19922192
21120948
19153553
22823856
20349864
21651342
18842442
20948166
19680576
21970321
19608865
21598926
21796360
19167527
22096504
21176606
18872161
19473063
20042008
20258801
20179488
21255607
19813151
21816831
22051816
20925678
21046893
19426572
20708540
20724167
19516105
20500530
19331348
21007052
20430852
19062958
19328083
20250898
18369255
22048744
22176486
21139864
21630480
18371416
22712987
18357606
19695933
21197007
21050670
20497192
21643365
22987436
20906535
21696439
18873271
18109708
21552517
19891799
21384328
22813588
21336979
21570506
19433125
22983847
19687301
19021157
19748398
19118835
21841575
18916812
18833526
22653196
18174333
21935027
22044474
19532972
21918731
21307801
22514763
20961200
21491059
21726252
21334631
21992069
21419764
21213721
20420798
22893371
21930370
21899307
21869950
21601213
20832539
21686269
22213006
21029771
19593231
22926802
22848641
21189372
21791355
21033369
21353244
20636499
22072980
21602816
21669924
19458892
21633009
21611864
20554999
22414179
18404735
19184667
18901872
21093837
19891307
22247429
21833924
21081226
19931999
21138533
21458532
21575517
19007788
21478318
19883005
21950079
19986555
21667849
21191758
20490417
22952282
22500901
18831916
21932495
22380738
21465290
21349278
19375953
18476817
19544114
21818866
20897676
21055997
21560428
22260949
20281125
22516563
21030499
20943342
19604517
21974553
22662388
20298524
20694903
22780594
20109763
18908140
21765839
21962733
19338372
22842906
21333375
19513014
21167506
18575884
18649699
21664520
18195247
19603380
18442015
18576411
19458496
21517315
19243931
19518510
21701580
21245811
19669986
19061186
19074930
18422688
20961415
22749929
19739820
18674355
21585364
21348510
19112381
20103989
20277635
22547097
20673289
21985736
20930138
21624775
21848203
21285271
21190974
20709658
21226441
18160109
21478576
20821748
22879117
19976189
21130472
21859460
21556827
19811507
21964647
21343036
21862569
21511436
19736446
22696183
22007578
20729427
21428566
18436297
19356656
22001234
18622515
21208450
20381341
21316076
22263033
20445777
18749576
19903417
21311850
19384518
19793061
20232211
19899510
20038637
21144251
21142711
21932120
19145717
18512290
20921666
21216723
20976323
21596568
21437027
21572312
21550918
21258624
20854822
21555149
21169742
21410069
21706950
19160410
22258484
19148183
21112691
21501611
20809132
19206143
18717375
21516543
21767458
19405146
19497787
19073788
20193925
21380804
20500923
19436914
18325155
22081158
20988576
21938465
18554122
21994282
22578281
21074437
20889500
20810524
18713647
22932168
20551430
21768745
21681764
22327586
19360331
19598996
21828200
21986650
21804085
20074938
19419466
22195664
20736449
22798001
21994769
19952688
19298683
20758055
20585260
21112485
21736415
20673668
21654543
22371597
20677357
21392803
19415569
20474345
19599085
20257089
20599238
21056114
20355541
21389161
19847872
20345621
19926561
19169474
19149039
18138671
22009060
21536672
22210202
21550367
20244256
19384030
18856568
18199697
18208634
21448126
20113479
21290229
18116593
18167423
20920570
20610472
21291800
19129933
20761660
21862885
20734982
21367244
21698726
22993343
20426489
21511206
20030379
19933754
20724342
19018333
18859112
18449994
19507154
20558316
19146999
20539611
18324429
19728643
22224414
21153801
21347255
20891967
21546466
18161360
18457057
20879372
21938782
21592771
21720457
21608201
19170637
18392672
21229174
21286072
22299477
21541435
21477667
21080640
22970193
21449223
19645737
22671365
20611922
18438488
21767718
21832572
21268234
20925765
21074939
18989712
20205327
21256921
21932077
22671687
20731432
19389286
22417205
18125174
21673884
22358080
19944346
21916646
20282071
21581472
22647333
19122065
18338042
21171422
21331137
20718545
18394447
21477505
19984543
20490644
20355000
22404444
20677189
20562671
22266138
21672652
21462110
20735686
20632105
19583230
21421773
21425834
20452304
21655345
21113566
21520577
21785560
21832899
22375773
19688465
19194260
19750804
19469418
18769134
18457388
19329451
22349903
20771072
20910861
20955947
21689529
19756169
21811674
20823728
20783860
21182743
19771513
22479150
19395099
19216148
19716204
21516994
18483749
21941304
18018993
21552183
21359021
21368558
20560442
22782362
20061775
19207864
20049104
20456638
18223221
19513527
21326648
21445228
20716720
18973379
21635635
19134117
21718836
20361219
19230290
20231669
21399005
21457681
22267990
21489442
21099386
20204527
18551557
22870889
20707502
21879104
19412078
21924140
21717926
19459230
21753772
21229167
19678283
18224478
21660292
19776813
21185389
21920107
21599760
18280323
20941254
21790799
19898804
22035445
21527620
21256827
21062694
21857516
21053521
21370025
20149775
20470375
21917586
20226658
21661315
20742495
22443514
22282408
19066747
21665154
21009087
19587878
20759044
18903705
21827515
20685411
19183498
20408956
21972535
21243552
20023649
21578865
19165809
21923691
20368912
22352347
21965910
22024007
21153349
19093663
21405814
22354895
18514024
21710907
18386875
21192181
21766024
20547221
22779920
21794482
21246563
21607173
22621659
19258854
21943362
18253998
19880057
18559401
18305849
22733551
21846410
18699253
21323399
21375765
18715872
21028694
21894838
18528995
22310500
19487252
22416571
22085306
21889842
21684644
20110818
21753728
22311868
20357825
20347126
20117826
22203411
19890833
19560002
21999075
19024601
21997395
18252370
22089819
21738541
20888995
20250746
20798040
20250940
18015489
21273056
20323480
21500948
19131037
21750901
18702690
20393769
21349748
20736322
20933971
20405056
22392817
21320519
20073388
20170810
19854667
21989946
18648131
18424809
21746766
21533438
21234289
18780746
21729205
20661441
21746937
18748519
19910403
20112651
21310419
20584275
20510959
21787527
19051764
20951940
21680336
19233878
18854857
21507497
21428358
18053403
21661231
21320674
20231158
20779040
21473298
21948772
21351940
21050060
20720340
19087218
21849163
21715517
22027162
20181820
21187992
20894592
21469034
19339003
19707944
19984435
22584884
21926296
22205053
21412151
21944955
19539757
21505876
20263491
21378608
21057821
21844569
22036635
19369327
20044710
19624881
20010230
22249917
18829129
21675682
21631736
21182909
22571965
20006859
21654779
20571101
18725673
21175578
18038664
21859210
22884537
21074790
20646862
21826634
19029479
21685303
21643574
18658244
21622778
19454325
21195267
21323995
21925536
20694103
18571258
21502625
20865483
21615394
21438008
20579952
19622940
21557844
21786300
22304828
19887878
20643387
22145167
21836969
21913814
19947893
21496749
21635096
21957296
21717088
22015680
22528174
21640846
20500431
21232386
18964599
21938288
20094951
22220426
18505054
21358966
19821651
18966780
21315399
21007936
19568634
18558763
22536657
20047799
19284921
22810168
18882964
21783151
21698256
22100095
21912257
20912486
21248101
22967116
21404984
21750502
20194096
20426114
19352812
18540975
19198801
22406040
18049891
18828343
21565741
21801705
21186742
20465431
20838053
22171049
21072430
21540373
21853040
20610450
21807584
21795672
18958607
20551851
20602429
21237814
21416006
21119274
21774738
21102120
21255665
19697123
20753803
21173518
19360627
20994367
22369532
20691605
20502278
20472269
22857244
19793747
20596564
21139128
22468496
21196271
21518600
19938191
22825163
19727541
18876856
22033221
21045909
21652898
21329980
19257577
20097019
21594856
20627956
21540736
18662649
21163856
20665062
19255568
19717719
21714359
21757856
18171501
21541761
22424385
19458509
22726692
22822729
19297622
19709560
21244489
18337678
21414199
20496801
18055354
18691819
22111000
19736619
18497213
21091742
18684257
19321786
21981879
19640509
21295172
18437706
21381633
21617348
18543275
19073696
21677546
21729755
20401215
21651199
19975046
20582316
18313789
20103558
21124290
21633406
21095063
21566149
19931239
19949246
21293085
19371733
20370261
21830668
18491126
21056041
22332320
21148881
21519484
21989137
18025681
22157445
19819186
22052400
18982280
21687443
21942444
18826705
19880301
21581363
18920034
19770568
20899240
19445837
20557453
21480972
20120898
21049160
21710518
21775165
19744909
20795504
19313686
21379963
20644052
18017807
22927817
20344479
22354870
22678718
19430074
22475770
21103834
20534566
21443350
18126648
20586001
18448196
19621560
19786299
21140322
20201717
20929298
21911762
21888125
20557096
22479311
21744191
22977046
21269412
20691823
21436139
18008411
20864998
21855686
21495263
21775746
21618291
21850783
22179632
21540039
22331823
20461513
19118316
19759380
21120912
19148901
21436664
19946276
19250764
21561056
22292409
21982850
22734502
19653541
19061602
21751205
21639417
21511325
19198161
19645579
20329414
19358831
22648417
20264533
19267321
19254693
21539733
21135985
21698557
21224301
19320390
19173948
21910302
19128772
21296764
19802992
18331255
19699882
21577048
21834667
18004150
20082588
20927465
20414879
19250624
21271246
19031362
21374819
21394130
21056971
19820433
19833226
21355218
21288527
20851895
20158438
18379556
21743766
20295399
22284301
21663483
21605357
19824122
20960719
20293565
18535651
20744646
21199988
21403687
19480985
21895930
21894000
21737518
20654072
18614491
21733744
