22508619 640 21248583
20413877 430 18018548
19665060 460 21602307
19293597 80 21378305
21570195 220 18267753
21368497 160 21248583
19312164 460 20428329
22903347 770 21097264
21935659 590 19665060
22508619 470 18762610
20688841 980 21033644
19209006 10 21378305
21467372 780 18450068
20960242 960 21676913
21803536 110 19630274
21935659 330 20573227
19987517 720 19921388
20704046 700 19353942
21389568 110 18646295
20688841 170 21803536
20621337 130 19893019
19921388 480 20704046
21389568 170 21602307
20688841 550 20450536
21517078 190 21084734
18450068 610 21217490
21602307 210 21389568
21528411 530 21412085
18162562 430 20688841
20178778 220 19853901
21726919 790 19835539
18031914 420 20537254
21077552 210 19715183
19665060 660 18450068
19209006 260 21935659
22829002 230 21836719
21378305 660 18134866
20424223 150 22501918
21254711 820 19630274
20045964 620 22212831
19954928 970 19588201
21084734 720 20621337
21062975 540 21969791
19588201 20 19893019
19484816 550 21570195
21339069 260 19665060
21254711 350 20537254
20428329 330 21836719
21368497 540 21122936
20463387 590 18267753
20816199 220 19353942
21977933 850 22204731
20704046 730 18162562
21062975 970 21339069
21286460 800 19588201
21602307 310 21122936
19209006 20 22446112
21217490 230 19588201
19353942 810 22508619
21389568 930 21033644
19209006 320 19565618
19835539 430 19353942
18762610 40 21625270
21617367 390 18134866
21062975 350 21467372
18031914 760 20488796
21673199 750 19715183
21737189 80 22508619
19588201 280 21062975
21097264 120 21737189
21673199 920 19853901
21254711 380 19853901
18450068 200 21050786
18646295 520 19233332
21673199 160 22903347
21286460 220 20413877
19921388 580 21802062
19835539 630 18347498
20463387 890 21378305
21676913 880 20352132
18646295 220 21412085
21409461 950 21412085
20352132 760 21803536
21254711 220 19312164
21368497 990 21217490
21673199 190 20972623
21389568 40 20960242
18646295 240 21378305
19987517 880 21673199
18267753 900 21286460
18134866 900 20450536
19484816 520 21077552
18267753 850 21726919
18762610 170 22358959
20960242 310 19293597
19565618 570 20947113
21803536 110 20424223
21517078 990 20704046
21467372 540 21836719
22204731 510 21570195
21097264 810 18134866
18462630 980 18031914
21046648 780 20688841
20428329 470 19490540
19895727 30 19490540
21673880 650 21050786
18018548 980 22508619
19293597 970 21969791
19715183 670 19921388
20463387 90 21969791
20688841 490 21654944
19893019 50 20428329
20972623 100 20428329
21803536 270 21969791
19293597 510 21676913
22903347 510 19715183
21337478 190 21602307
21077552 940 21673880
21062975 950 19312164
21122936 870 21654944
20960242 120 21570195
18162562 220 21851178
21977933 230 19954928
21969791 50 21097264
20202788 520 21122936
20688841 850 20045964
22829002 710 19565618
21617367 120 19665060
20960242 390 20202788
19209006 50 20947113
19312164 700 21097264
19565618 170 20621337
20537254 740 21673880
20463387 90 21217490
22508619 270 21339069
20045964 410 19630274
21802062 460 19835539
19665060 00 21851178
20704046 960 21217490
21050786 160 20704046
19853901 30 21935659
21617367 60 18347498
21286460 270 21673880
22829002 650 18462630
20488796 510 19853901
21836719 770 20450536
20488796 670 19893019
19893019 350 20428329
21836719 440 18162562
21062975 160 20450536
20202788 880 19588201
19669165 60 22358959
19312164 980 21467372
19209006 580 21097264
21617367 960 21217490
19895727 220 20688841
22903347 440 20488796
21409461 560 22903347
21602307 390 21389568
20972623 390 22903347
21077552 390 21122936
18450068 210 21935659
20688841 430 20488796
22829002 840 19353942
19895727 850 21625270
21737189 190 21977933
20428329 570 21412085
19209006 490 21339069
21368497 390 20463387
21412085 460 21836719
18762610 180 21737189
21617367 140 18267753
21046648 580 21122936
19669165 860 21726919
21122936 290 21528411
22646098 940 21337478
21726919 960 21977933
19565618 960 21676913
19954928 170 20621337
21286460 880 21122936
20573227 590 20704046
21062975 540 19715183
19490540 240 22204731
18031914 390 21097264
21122936 310 22829002
18462630 60 21248583
22358959 730 19835539
21248583 920 19921388
21602307 740 21528411
20972623 960 18762610
20450536 310 21851178
21803536 770 21248583
19490540 00 18031914
19293597 310 18462630
18134866 510 21062975
21046648 220 21836719
21368497 140 21654944
22829002 970 21409461
21337478 80 20202788
18018548 680 20413877
