21969791
20178778
20413877
19588201
21389568
21286460
19987517
21570195
20537254
22829002
21617367
18162562
20960242
21803536
21737189
19715183
20816199
20947113
21084734
19209006
21122936
21977933
22508619
21467372
21337478
20488796
19484816
21412085
21517078
20424223
22446112
19853901
21368497
19954928
22903347
20045964
22797391
21673199
19835539
21097264
19630274
20972623
20704046
21726919
21602307
20621337
19565618
22646098
21528411
18646295
18462630
21033644
19921388
20734083
21248583
18450068
21836719
21654944
18031914
19233332
21077552
21676913
20573227
20202788
18134866
19312164
20688841
21010433
21050786
21339069
20428329
19669165
19490540
19895727
18347498
19665060
18018548
19893019
21254711
20450536
20352132
21625270
21673880
21062975
19353942
21217490
21802062
19293597
21409461
21378305
21046648
20463387
18267753
21935659
18762610
22212831
22501918
21851178
22358959
22204731
